NaN,NaN,NaN,NaN,NaN,NaN,NaN,NaN
0,0,0,0,0,0,0,0
-0.77698,0.36278,11.26,1.7255,1.7255,11.438,8.6823,2.8842
-1.6438,-0.48172,3.2192,-0.30522,-0.30522,3.4502,-3.1404,-3.3506
-1.5447,-0.2894,2.3129,-0.16132,-0.16132,2.0196,-2.8706,-3.247
-1.6231,-0.39995,2.0531,-0.21317,-0.21317,1.684,-2.5632,-3.3687
-1.7246,-0.39442,2.0855,-0.26228,-0.26228,1.4829,1.9637,-2.9172
-1.8107,-0.32971,1.9392,-0.15441,-0.15441,1.2767,2.2346,-3.2683
-1.8236,-0.28699,1.7268,0.029928,0.029928,1.1663,0.59482,-2.0685
-1.8459,-0.24296,1.6655,-0.01174,-0.01174,1.1263,0.59919,-1.0993
-1.8829,-0.21619,1.4565,0.015723,0.015723,1.0301,-1.8398,1.6453
-1.9564,-0.28504,1.371,0.0016804,0.0016804,1.0454,-1.7888,1.877
-2.0178,-0.41464,1.466,0.075761,0.075761,1.0677,-1.312,1.9017
-2.0048,-0.37632,1.5237,0.12105,0.12105,1.0444,-0.84126,1.2485
-1.9637,-0.32395,1.2932,0.082177,0.082177,0.96909,0.17268,-0.40419
-1.9602,-0.34798,1.3055,0.14851,0.14851,0.97982,0.0063472,0.41879
-1.9342,-0.28595,1.297,0.185,0.185,0.94697,-0.70753,0.34346
-1.8895,-0.26075,1.3158,0.16712,0.16712,0.98722,-0.44729,0.61281
-1.8468,-0.29724,1.3612,0.1599,0.1599,1.0098,0.49975,0.10746
-1.8439,-0.30794,1.368,0.18568,0.18568,1.0129,0.20425,0.52358
-1.764,-0.31109,1.2868,0.22145,0.22145,0.98535,0.44406,0.18714
-1.7647,-0.30202,1.3931,0.20751,0.20751,1.0287,0.13439,-0.59724
-1.7492,-0.31377,1.4357,0.19317,0.19317,1.0186,-0.16183,-0.88878
-1.73,-0.32752,1.4648,0.17325,0.17325,1.0372,-0.42472,-0.01759
-1.6825,-0.29606,1.3659,0.15722,0.15722,0.93794,0.11472,0.48968
-1.7152,-0.32883,1.4367,0.15394,0.15394,1.0054,0.60775,-0.2528
-1.7303,-0.3497,1.4939,0.16575,0.16575,1.0162,0.70727,-1.0512
-1.7131,-0.35095,1.4988,0.11278,0.11278,1.0389,0.39234,-0.5813
-1.7004,-0.3612,1.524,0.11911,0.11911,1.0448,0.068487,-0.082512
-1.7012,-0.41437,1.5351,0.12564,0.12564,1.0631,0.23967,-0.55313
-1.6822,-0.40077,1.5478,0.12099,0.12099,1.0189,0.51017,-0.42644
-1.7142,-0.39686,1.546,0.12991,0.12991,1.0042,0.43868,-1.0651
-1.7057,-0.41206,1.5301,0.15325,0.15325,1.0092,-2.563,-2.6641
-1.6887,-0.39059,1.5685,0.17193,0.17193,1.0061,-2.48,-2.5631
-1.6807,-0.37029,1.5691,0.16797,0.16797,1.005,-2.8586,-2.4583
-1.6844,-0.38479,1.569,0.14968,0.14968,1.0407,-2.9501,-2.724
-1.6623,-0.39788,1.5879,0.13046,0.13046,1.0049,-3.4994,-1.2645
-1.6368,-0.38865,1.5988,0.14707,0.14707,0.98992,-2.1108,-0.99481
-1.6323,-0.39806,1.6186,0.15779,0.15779,1.0253,-1.7678,-0.063697
-1.6335,-0.39296,1.6305,0.15569,0.15569,1.0286,-2.3355,-1.0346
-1.5867,-0.35088,1.6177,0.099383,0.099383,1.0218,-1.5185,0.099872
-1.5475,-0.30753,1.5904,0.092337,0.092337,0.99342,-1.2365,1.2589
-1.5264,-0.2467,1.7478,0.079525,0.079525,1.023,-2.0138,0.47359
-1.486,-0.17594,1.747,0.087182,0.087182,0.9787,-2.9441,0.20857
-1.4563,-0.1275,1.7537,0.10229,0.10229,0.95687,-2.4455,0.71037
-1.4371,-0.075611,1.7201,0.10248,0.10248,0.90629,-2.6253,0.99099
-1.4064,-0.058861,1.7354,0.11412,0.11412,0.89998,-3.0946,-0.42963
-1.3563,-0.026401,1.7203,0.081946,0.081946,0.90185,-3.534,-1.3713
-1.3648,-0.0069975,1.6679,0.066581,0.066581,0.88914,-1.4326,-1.1069
-1.3532,0.10407,1.7931,0.076877,0.076877,0.91581,-1.5104,-1.4697
-1.3346,0.17837,1.7743,0.062032,0.062032,0.8362,-2.1925,-0.69279
-1.3032,0.14721,1.6516,0.06075,0.06075,0.82318,0.28939,0.1692
-1.35,0.082265,1.6919,0.071874,0.071874,0.83306,-1.2903,0.52578
-1.3592,0.056489,1.7088,0.090097,0.090097,0.84771,-0.8373,0.67838
-1.3696,0.014378,1.7391,0.11182,0.11182,0.87584,-1.347,0.52968
-1.3988,-0.01722,1.9663,0.11462,0.11462,1.0391,0.16972,0.83018
-1.4001,-0.044686,1.8243,0.096397,0.096397,0.94853,-0.64634,0.50211
-1.3809,-0.022098,1.7205,0.094729,0.094729,0.93964,-0.44174,1.375
-1.3529,-0.021516,1.7311,0.087788,0.087788,0.90541,-0.53136,0.57355
-1.3547,-0.01189,1.6729,0.092888,0.092888,0.90054,-0.073181,0.27507
-1.3638,-0.018131,1.7655,0.11189,0.11189,0.89786,0.14116,0.10353
-1.3815,-0.039658,1.8018,0.10915,0.10915,0.90275,0.46224,-0.43923
-1.3156,-0.0306,1.7007,0.089365,0.089365,0.88408,-0.43352,0.29007
-1.3107,-0.017924,1.9029,0.084924,0.084924,0.97691,-1.0051,-1.6974
-1.2977,0.018029,2.2163,0.059267,0.059267,0.99974,-1.9419,-1.2802
-1.2904,0.041495,2.0382,0.054793,0.054793,0.89485,-1.554,-1.118
-1.2783,0.033164,1.769,0.055136,0.055136,0.8584,-1.8352,-1.514
-1.2446,0.018985,1.9394,0.06131,0.06131,0.9564,-1.7766,-1.1669
-1.2307,-0.035034,2.0509,0.057527,0.057527,0.96958,0.5891,0.28113
-1.1943,-0.06738,1.8531,0.038618,0.038618,0.92356,0.23756,0.8205
-1.1889,-0.028626,1.7811,0.015613,0.015613,0.85145,-0.23606,0.67297
-1.161,-0.035033,1.9771,-0.006346,-0.006346,0.96832,-0.63749,0.86165
-1.1853,-0.053967,1.8249,0.021426,0.021426,0.89192,-0.20326,0.99859
-1.2049,-0.049596,1.7535,0.034586,0.034586,0.89179,-0.42791,1.183
-1.2154,-0.041488,1.7645,0.02765,0.02765,0.91531,-0.27524,1.2356
-1.2309,-0.029051,1.7211,0.062428,0.062428,0.92551,-0.48661,1.1682
-1.2028,0.074845,1.8117,0.043985,0.043985,0.9318,-0.76103,0.837
-1.2254,0.13189,1.8029,0.068762,0.068762,0.93453,-1.0003,0.68116
-1.214,0.18402,1.7945,0.071708,0.071708,0.86051,-1.0318,1.3181
-1.2352,0.21668,2.0278,0.034775,0.034775,0.96606,-0.75478,1.7231
-1.2097,0.18597,2.1118,0.034823,0.034823,0.96263,0.26798,1.3704
-1.2149,0.18539,2.1056,0.018387,0.018387,0.9303,-0.12649,0.68313
-1.1897,0.18791,2.1394,0.029044,0.029044,0.95731,-0.57822,0.84932
-1.1992,0.19339,1.9021,0.030576,0.030576,0.83398,-0.69569,1.3579
-1.2184,0.2416,1.7945,0.017252,0.017252,0.81726,-0.6728,1.8394
-1.2956,0.24729,1.7843,0.045984,0.045984,0.83482,-0.21385,-0.62886
-1.2771,0.25594,1.7229,0.069853,0.069853,0.83148,0.46901,-0.072981
-1.2632,0.26848,1.694,0.064463,0.064463,0.80306,0.79129,-0.11699
-1.2921,0.19238,1.7815,0.035021,0.035021,0.9096,0.51377,0.068694
-1.2682,0.18634,1.7792,0.029474,0.029474,0.83178,0.27879,-0.56043
-1.2674,0.23569,1.7404,0.028634,0.028634,0.83133,0.084466,-0.036674
-1.2774,0.26311,1.678,0.046136,0.046136,0.80129,-0.99971,-1.5848
-1.2489,0.29024,1.6322,0.023377,0.023377,0.7695,1.1512,-1.5735
-1.2628,0.29508,1.5988,0.046276,0.046276,0.80691,-0.029381,-0.33931
-1.2567,0.31233,1.8668,0.013221,0.013221,0.88796,-2.4754,-0.97895
-1.2069,0.3072,1.945,0.019477,0.019477,0.8859,-2.2781,-1.6062
-1.2304,0.25264,1.8065,0.031884,0.031884,0.82294,-1.9528,-1.3328
-1.2619,0.26242,1.7843,0.028167,0.028167,0.80815,-0.99343,1.4587
-1.2468,0.26984,1.7179,0.028592,0.028592,0.83935,-1.2096,1.2469
-1.2515,0.2886,1.6756,0.022,0.022,0.784,-0.65375,1.6112
-1.2695,0.28283,1.6787,0.053583,0.053583,0.79476,-0.41856,1.1442
-1.2773,0.28738,1.7051,0.040147,0.040147,0.77606,-0.7717,1.4657
-1.2696,0.29322,1.6398,-0.006363,-0.006363,0.79626,-1.5481,-1.6566
-1.2888,0.3165,1.8491,-0.012151,-0.012151,0.90052,-1.4778,-1.5574
-1.273,0.27973,1.7355,0.016842,0.016842,0.79663,-1.602,-1.5133
-1.2602,0.27961,1.6573,0.015786,0.015786,0.80532,-2.5257,-1.6557
-1.2841,0.29333,1.6529,-0.0013814,-0.0013814,0.76215,-0.47908,1.179
-1.257,0.29326,1.6503,-0.006123,-0.006123,0.76298,-0.21891,0.92609
-1.2704,0.29955,1.6361,-0.00029739,-0.00029739,0.74827,-1.0203,0.73089
-1.2854,0.37238,1.7072,0.014286,0.014286,0.81654,-0.49917,0.73773
-1.2638,0.35754,1.5615,0.034167,0.034167,0.74358,-0.25041,0.91609
-1.2887,0.33594,1.582,0.058175,0.058175,0.75897,-0.14779,0.35103
-1.2501,0.22999,1.3286,0.017222,0.017222,0.69618,-1.6884,1.6451
-1.2394,0.43515,2.1555,-0.00020912,-0.00020912,1.0205,-1.4159,1.7342
-1.2478,0.28471,2.0796,0.017218,0.017218,1.1343,0.017391,0.42688
-1.3,0.16995,1.9402,0.065383,0.065383,0.88982,1.0752,-1.1401
-1.3236,-0.016717,2.8698,0.090755,0.090755,1.054,0.97392,-1.6143
-1.3602,0.045778,3.4295,0.11763,0.11763,1.3632,1.0076,-2.9679
-1.3863,-0.41589,4.2628,0.22584,0.22584,1.6616,1.5546,-2.7097
-1.4239,-0.64832,5.851,0.15677,0.15677,2.3458,0.8337,-2.6463
-1.3378,-1.2866,5.7116,0.1771,0.1771,2.2678,0.94145,-3.2999
-1.3159,-1.4918,5.2816,0.12535,0.12535,3.0003,0.52607,-3.4142
-1.2752,-1.0503,4.8947,0.1107,0.1107,3.0524,0.75875,-3.8152
-1.2206,-0.76037,5.1504,-0.022613,-0.022613,3.5199,1.3624,-3.9835
-1.26,-0.52617,6.0299,0.0018341,0.0018341,3.6474,0.88166,-3.7551
-1.2308,-0.92385,7.3506,0.014041,0.014041,2.8645,-3.7793,-0.50677
-1.2257,-1.1029,9.8718,0.2328,0.2328,3.0446,-4.9124,-1.9147
-1.3443,-1.0688,8.8965,0.20096,0.20096,2.1985,-5.0435,1.1372
-1.5676,-1.0139,7.8014,0.096881,0.096881,1.8111,-4.3771,0.87498
-1.49,-1.0564,6.8652,0.075472,0.075472,1.4115,-5.1056,1.2979
-1.5526,-1.1653,6.4341,0.029533,0.029533,1.24,-5.1519,0.44703
-1.6179,-1.2613,6.1543,0.035862,0.035862,1.1668,-4.1787,-0.25035
-1.6662,-1.1689,6.2817,-0.093208,-0.093208,1.1654,-3.8029,-0.22887
-1.717,-1.1135,5.9971,-0.09171,-0.09171,1.149,-4.0512,-0.26192
-1.7904,-1.1223,6.7362,-0.19011,-0.19011,1.2729,-4.834,1.0258
-1.9189,-1.1844,6.0867,-0.071945,-0.071945,1.2875,-4.1974,1.4958
-1.9768,-1.2451,6.1738,-0.064536,-0.064536,1.4432,-4.0083,1.8299
-1.9627,-1.2535,6.1454,-0.039829,-0.039829,1.3882,-3.6592,-0.7823
-1.9722,-1.2892,5.9966,-0.10672,-0.10672,1.2983,-4.5138,0.57838
-1.9776,-1.2975,5.9013,-0.055504,-0.055504,1.3613,-3.2037,-0.27189
-2.0466,-1.3471,5.4853,-0.092565,-0.092565,1.3387,-3.6487,-1.5795
-2.0092,-1.3844,5.7317,-0.061507,-0.061507,1.3774,-3.9796,-0.63673
-2.0428,-1.3078,6.3413,-0.037091,-0.037091,1.3931,-3.6434,-0.34619
-2.0837,-1.2572,6.0548,-0.090733,-0.090733,1.2889,-3.5314,-0.80462
-2.0929,-1.2395,5.9408,-0.15516,-0.15516,1.3055,-3.1092,0.4132
-2.0419,-1.2426,5.9974,-0.077305,-0.077305,1.3599,-3.6427,-0.3493
-2.0761,-1.2858,6.2711,-0.06926,-0.06926,1.4565,-2.1229,-3.4015
-2.076,-1.3555,6.2686,-0.010877,-0.010877,1.5903,-4.5559,-0.86927
-2.0155,-1.346,5.8845,-0.049323,-0.049323,1.5579,-4.2568,-1.423
-2.0547,-1.3378,5.8032,-0.084403,-0.084403,1.39,-3.3592,-1.2388
-2.0604,-1.2899,5.5299,-0.12331,-0.12331,1.5243,-4.3989,-0.053614
-2.1336,-1.1361,5.9817,-0.050668,-0.050668,1.7167,-4.3557,-0.93754
-2.1967,-0.9855,6.1069,-0.050663,-0.050663,1.7218,-4.1901,-0.94037
-2.3881,-1.0481,6.2715,-0.20008,-0.20008,1.668,-4.2301,-0.27966
-2.4872,-1.1045,5.575,-0.16457,-0.16457,1.6379,-4.1288,1.0455
-2.3509,-1.1182,5.2888,-0.034325,-0.034325,1.69,-4.3176,-1.4556
-2.2486,-1.0423,5.3244,0.051218,0.051218,1.7141,-3.6076,-1.1943
-2.3243,-1.1104,5.5576,-0.002872,-0.002872,1.7232,-3.363,-1.4
-2.3703,-1.1785,5.5062,-0.0066141,-0.0066141,1.6417,-3.4563,-2.0502
-2.45,-1.2137,5.3907,-0.068398,-0.068398,1.6006,-2.4538,-1.9089
-2.4843,-1.2281,5.1473,-0.16275,-0.16275,1.5414,-4.5298,-0.75717
-2.5057,-1.2544,4.8277,-0.17425,-0.17425,1.4227,-4.1995,0.84158
-2.4859,-1.3294,4.7902,-0.17703,-0.17703,1.5105,-4.479,0.95646
-2.4501,-1.3098,4.8676,-0.19166,-0.19166,1.4348,-4.0511,1.2923
-2.4813,-1.3601,5.3217,-0.17247,-0.17247,1.6243,-4.8806,1.4208
-2.4574,-1.3541,5.3086,-0.32765,-0.32765,1.7424,-5.0485,1.492
-2.3663,-1.3654,4.5993,-0.37073,-0.37073,1.5564,-4.3803,0.24043
-2.289,-1.4176,5.3983,-0.35068,-0.35068,1.8023,-0.36044,-3.7432
-2.3239,-1.3772,5.0401,-0.39923,-0.39923,1.6671,-0.60601,-3.4226
-2.3107,-1.3731,5.1067,-0.33022,-0.33022,1.5329,0.45717,-3.0889
-2.3607,-1.3679,4.9855,-0.36592,-0.36592,1.501,-0.41982,-3.9402
-2.3891,-1.3528,4.9844,-0.27437,-0.27437,1.4356,-0.40513,-4.259
-2.3506,-1.3938,5.0574,-0.21764,-0.21764,1.4467,0.55455,-2.501
-2.3136,-1.3819,5.1541,-0.17693,-0.17693,1.4738,-1.0839,-1.9241
-2.3246,-1.3711,5.1668,-0.16611,-0.16611,1.4286,-1.0936,-1.8695
-2.3296,-1.4118,5.476,-0.16772,-0.16772,1.595,1.485,-1.0509
-2.3453,-1.5338,5.7398,-0.198,-0.198,1.6356,1.0063,-1.9575
-2.3659,-1.5402,5.3486,-0.29114,-0.29114,1.696,1.3605,-1.8636
-2.4541,-1.4815,4.8582,-0.23713,-0.23713,1.5683,1.7225,-1.762
-2.4245,-1.4073,4.834,-0.2406,-0.2406,1.396,1.8397,0.15089
-2.4505,-1.3932,4.8329,-0.27106,-0.27106,1.3863,2.256,1.419
-2.6229,-1.3632,4.8024,-0.28685,-0.28685,1.2884,1.6386,-2.8099
-2.7278,-1.2705,4.2106,-0.27283,-0.27283,1.1793,1.3291,-2.298
-2.7464,-1.2306,3.8687,-0.14994,-0.14994,1.2122,1.0098,-3.1151
-2.9486,-1.3028,3.7927,-0.18518,-0.18518,1.2685,-0.58832,1.2971
-2.9066,-1.1711,3.9234,-0.18368,-0.18368,1.3014,0.314,1.0276
-2.8087,-1.1568,3.7431,-0.17516,-0.17516,1.2185,1.2303,-1.9675
-2.8163,-1.1736,4.0609,-0.1983,-0.1983,1.2865,0.26736,-3.7952
-2.8576,-1.2074,4.026,-0.2575,-0.2575,1.2962,0.98725,-1.4433
-2.924,-1.1957,4.6289,-0.24888,-0.24888,1.5093,1.6756,-0.75496
-2.9667,-1.175,4.8078,-0.34335,-0.34335,1.5216,1.6903,-0.32655
-2.9471,-1.1353,4.538,-0.48185,-0.48185,1.5898,-0.36199,-2.0092
-3.0012,-1.1736,4.6576,-0.44397,-0.44397,1.7848,0.42518,-1.7057
-2.9472,-1.1885,4.8284,-0.39303,-0.39303,1.8085,0.36783,-1.7226
-2.8512,-1.2213,4.7186,-0.31734,-0.31734,1.8251,1.7514,-0.38292
-2.8642,-1.2546,4.9097,-0.31374,-0.31374,1.9431,2.4755,0.2615
-2.8367,-1.2141,4.6078,-0.37005,-0.37005,1.9427,1.2647,-1.9254
-2.7603,-1.291,4.539,-0.38394,-0.38394,1.9732,0.98978,-2.3852
-2.7711,-1.3038,4.9643,-0.29582,-0.29582,2.0446,0.7463,-3.0229
-2.8624,-1.3514,5.003,-0.25174,-0.25174,1.9891,0.49485,-3.0851
-2.8657,-1.2535,5.0183,-0.36573,-0.36573,1.9495,1.2168,-3.0987
-2.8682,-1.2449,5.0874,-0.29968,-0.29968,1.844,0.93195,-3.5134
-2.8563,-1.2013,4.6657,-0.4744,-0.4744,1.7303,1.7291,-1.2627
-2.8294,-1.1934,4.8657,-0.431,-0.431,1.9019,0.25445,-3.7999
-2.7715,-1.0766,4.5338,-0.46881,-0.46881,1.943,2.4857,0.13071
-2.8142,-1.126,5.0681,-0.61688,-0.61688,2.0549,2.3054,0.88839
-2.7318,-1.2868,5.1754,-0.66155,-0.66155,2.1493,2.4527,-1.8304
-2.7338,-1.3423,4.5098,-0.70673,-0.70673,2.0104,2.4507,-0.4775
-2.769,-1.3917,4.9345,-0.58542,-0.58542,2.0453,2.2321,-1.2027
-2.6452,-1.3282,4.9991,-0.49845,-0.49845,1.79,2.2913,-0.97563
-2.5652,-1.3334,5.1581,-0.45829,-0.45829,1.7682,1.1052,-1.237
-2.6032,-1.3788,5.6052,-0.54186,-0.54186,2.1746,1.8321,-1.3009
-2.4554,-1.4693,5.6006,-0.57544,-0.57544,2.0897,0.83423,-2.5178
-2.5104,-1.4764,5.7099,-0.46981,-0.46981,2.1956,1.242,-2.411
-2.4528,-1.3193,5.4635,-0.4673,-0.4673,1.8822,1.7579,-1.8397
-2.4961,-1.1745,5.487,-0.4246,-0.4246,1.669,1.7402,-0.75575
-2.5397,-1.1325,5.7558,-0.32677,-0.32677,1.7899,1.5642,-1.1256
-2.6489,-1.0571,5.8468,-0.39298,-0.39298,1.731,0.9709,-1.5821
-2.7084,-1.1485,5.7003,-0.43909,-0.43909,1.9274,2.6077,-0.80079
-2.6121,-1.1235,5.2702,-0.45035,-0.45035,1.7747,2.2172,-1.0223
-2.5949,-1.2447,5.4047,-0.40314,-0.40314,1.8615,1.437,-1.4915
-2.5285,-1.3286,5.5597,-0.48614,-0.48614,2.0633,2.4794,-1.6716
-2.4791,-1.2298,5.5335,-0.379,-0.379,2.1848,1.7739,0.020029
-2.3948,-1.202,5.6329,-0.38268,-0.38268,2.0856,2.2421,1.3469
-2.3803,-1.2526,5.9458,-0.28083,-0.28083,2.4698,2.5646,1.3988
-2.3142,-1.1278,5.9442,-0.15435,-0.15435,2.4195,2.2154,1.2963
-2.312,-1.1036,5.9476,-0.20323,-0.20323,2.4712,1.8806,1.1029
-2.3923,-1.2138,5.832,-0.16934,-0.16934,2.2583,1.985,1.387
-2.3717,-1.1937,5.6894,-0.31773,-0.31773,2.1743,2.076,0.40387
-2.4241,-1.215,5.9526,-0.33894,-0.33894,2.2892,0.52527,0.57231
-2.4622,-1.1966,6.1634,-0.35375,-0.35375,2.1803,1.0171,0.60186
-2.462,-1.2235,6.5533,-0.30498,-0.30498,2.3506,0.71371,0.39636
-2.4576,-1.7225,7.4909,-0.38549,-0.38549,2.2033,1.8685,-1.143
-2.587,-2.0995,6.377,-0.39717,-0.39717,2.3526,1.5546,-2.2168
-2.6918,-2.0571,5.2136,-0.42913,-0.42913,2.2375,1.0003,-2.3936
-2.5843,-1.845,5.0357,-0.1387,-0.1387,1.8198,0.63941,-2.444
-2.5848,-2.0269,4.7613,-0.27779,-0.27779,1.3766,0.98274,-3.267
-2.4374,-2.4921,4.4452,-0.24366,-0.24366,1.4357,1.1564,-3.7884
-2.594,-3.0615,5.5989,-0.56496,-0.56496,1.6191,0.38288,-4.1168
-2.6774,-2.5663,5.9227,-0.56061,-0.56061,2.5052,1.1326,-4.7353
-2.8405,-2.2949,5.9179,-0.32074,-0.32074,2.686,0.5496,-3.0429
-2.7364,-1.8172,5.3069,-0.26292,-0.26292,2.3775,1.6503,-1.8791
-2.8951,-1.7837,7.0567,-0.5145,-0.5145,2.4242,0.96067,-2.4316
-2.8701,-1.5381,7.5217,-0.63824,-0.63824,2.2212,-0.20028,-3.0486
-2.7627,-1.3303,6.2323,-0.63858,-0.63858,1.9783,0.28474,-2.5398
-2.508,-1.2579,4.5328,-0.69675,-0.69675,2.0226,0.34085,-1.8792
-2.3448,-1.4697,3.3279,-0.64154,-0.64154,1.9265,0.22397,-1.8736
-2.1686,-1.5029,2.9134,-0.49006,-0.49006,1.7806,-0.96096,-2.5843
-2.1428,-1.7116,2.9124,-0.67573,-0.67573,1.7409,-1.2913,-2.5306
-1.9611,-1.5885,2.4372,-0.44967,-0.44967,1.2666,-1.364,-2.4724
-1.9049,-1.6326,2.3337,-0.42305,-0.42305,1.0919,-2.3764,-2.3073
-1.8439,-1.7716,2.6779,-0.46928,-0.46928,1.0538,-3.0557,-2.0672
-1.718,-1.717,2.498,-0.42421,-0.42421,0.88205,-1.5029,-2.3484
-1.6278,-1.7566,2.3664,-0.31323,-0.31323,0.80358,-2.4698,-2.2602
-1.6808,-1.879,2.64,-0.35938,-0.35938,0.85257,-2.7684,-2.2881
-1.6508,-1.8758,2.7358,-0.33715,-0.33715,0.80457,-2.2843,-2.158
-1.5593,-1.8002,2.5047,-0.278,-0.278,0.65166,-2.4731,-2.2873
-1.5117,-1.9061,2.7991,-0.2315,-0.2315,0.71383,-2.8588,-2.1762
-1.4706,-1.7863,2.602,-0.22752,-0.22752,0.70239,-3.1366,-2.0497
-1.4736,-1.9223,2.7638,-0.19984,-0.19984,0.71334,-4.6524,-0.5818
-1.4511,-1.9142,2.9019,-0.19131,-0.19131,0.68224,-5.1614,0.56906
-1.4279,-1.9252,2.8326,-0.14037,-0.14037,0.66435,-3.272,-1.7902
-1.4059,-1.9568,2.694,-0.1547,-0.1547,0.64121,-0.033094,-2.4311
-1.3818,-1.9417,2.7554,-0.11707,-0.11707,0.63741,0.017425,-2.4575
-1.294,-1.921,2.8258,-0.052469,-0.052469,0.69121,0.15841,-2.4027
-1.2544,-2.0722,2.8827,-0.064267,-0.064267,0.68864,-0.21629,-2.3107
-1.2267,-1.9846,2.6741,0.016738,0.016738,0.56837,0.22735,-2.2654
-1.2149,-1.872,2.4248,0.00088831,0.00088831,0.50146,1.0623,-1.8067
-1.2343,-1.9929,2.6134,-0.033315,-0.033315,0.54841,1.5292,-0.62494
-1.2643,-1.9875,2.6713,-0.018027,-0.018027,0.53875,1.7752,-1.2818
-1.2507,-1.9586,2.7476,-0.020792,-0.020792,0.60255,1.1808,-1.6415
-1.2512,-1.8367,2.5761,-0.03355,-0.03355,0.55501,1.5299,-1.4488
-1.2337,-1.9815,2.646,-0.048859,-0.048859,0.55786,0.87304,-1.697
-1.2498,-1.9878,2.6518,-0.059381,-0.059381,0.55985,-0.0033591,-2.1653
-1.2261,-1.9901,2.6696,-0.061022,-0.061022,0.52141,0.41784,-1.755
-1.2178,-1.9641,2.7778,-0.028939,-0.028939,0.52155,1.9366,-0.72324
-1.2469,-1.9405,2.8657,-0.066767,-0.066767,0.55592,2.1296,-0.73408
-1.2333,-1.9326,2.8971,-0.03373,-0.03373,0.58389,1.6236,-1.1424
-1.2597,-1.935,2.8391,-0.060705,-0.060705,0.59185,1.6807,-1.3523
-1.2326,-1.8168,2.5303,-0.026271,-0.026271,0.55912,0.22313,-1.7075
-1.2121,-2.0195,3.3004,-0.011633,-0.011633,0.70909,-1.2262,-2.3064
-1.2791,-1.9319,2.9011,-0.022363,-0.022363,0.59117,-3.3699,-1.5886
-1.2694,-2.033,3.2954,0.021911,0.021911,0.73094,-2.1941,-2.7101
-1.2713,-1.7234,2.9641,0.038556,0.038556,0.7059,-1.494,-2.8708
-1.3054,-1.6718,3.0404,-0.0062924,-0.0062924,0.74048,-0.97372,-2.5782
-1.2706,-1.7637,3.4545,0.0029425,0.0029425,0.73115,-1.7463,-2.6415
-1.1788,-1.8896,3.8681,-0.029022,-0.029022,0.83685,-2.4681,-2.4925
-1.2006,-1.874,3.9845,-0.091379,-0.091379,0.83891,-2.999,-2.4652
-1.2683,-1.6391,3.3216,-0.12113,-0.12113,0.76061,-2.2235,-2.2152
-1.231,-1.8069,4.1498,-0.091646,-0.091646,0.96124,0.9898,-1.9835
-1.2276,-1.627,4.1266,-0.07186,-0.07186,1.1042,1.1149,-1.4046
-1.26,-1.7156,5.2751,-0.060293,-0.060293,1.431,1.0656,-1.8679
-1.1891,-1.9072,7.3139,-0.021847,-0.021847,2.3326,1.5553,-2.1025
-1.1506,-1.722,6.8318,0.11192,0.11192,2.9628,-4.5884,-2.7336
-1.2128,-1.3062,5.8621,0.06654,0.06654,2.2893,2.3384,1.9724
-1.1036,-1.225,4.603,0.11335,0.11335,2.0847,1.3052,-0.11578
-1.0534,-1.3131,5.7867,0.23268,0.23268,2.5989,-4.3125,-0.40263
-1.096,-1.148,5.2516,0.21271,0.21271,2.4037,-3.7311,0.22262
-1.0488,-0.96416,5.5855,0.36068,0.36068,2.8462,-4.4707,-0.90839
-0.99119,-0.87198,6.756,0.33695,0.33695,3.4163,-4.8877,-0.15834
-0.9066,-0.8321,7.1573,0.36427,0.36427,2.9353,-4.518,-0.35973
-0.87991,-0.85973,7.9454,0.47488,0.47488,3.3397,-4.4349,-0.10931
-0.87208,-0.94234,7.3756,0.56479,0.56479,2.9832,-4.0283,-0.55906
-0.84579,-0.97616,7.9226,0.55935,0.55935,3.3628,-4.8866,0.10724
-0.73813,-0.71192,9.632,0.62011,0.62011,3.4563,-4.7421,-0.28538
-0.52962,-0.42046,9.5462,0.52349,0.52349,2.7472,-4.2932,-0.70304
-0.6071,-0.3758,9.056,0.42827,0.42827,2.345,-3.6447,-1.4513
-0.66659,-0.32034,9.3775,0.32278,0.32278,2.0516,-4.1278,-0.83795
-0.55184,-0.26585,11.275,0.30647,0.30647,2.3726,-5.0734,-0.42881
-0.53979,-0.045543,10.42,0.132,0.132,1.9187,-3.7304,-1.8617
-0.50964,0.10754,12.453,0.23454,0.23454,1.9628,-4.3949,-1.0948
-0.54835,0.16628,11.151,0.052783,0.052783,1.8437,-4.9841,-0.25846
-0.57255,0.16789,10.146,0.18433,0.18433,1.9897,-4.6264,1.1686
-0.61993,0.21017,10.543,0.31999,0.31999,2.3419,-4.1643,-1.711
-0.66586,0.18414,9.7874,0.36366,0.36366,2.3175,-1.1061,-2.5516
-0.66752,0.20169,8.9804,0.38737,0.38737,2.3328,-1.1758,-2.0341
-0.7114,0.12188,10.774,0.53251,0.53251,2.3318,3.2371,2.0079
-0.73869,-0.39086,11.781,0.5887,0.5887,2.6842,3.6435,1.5459
-0.97482,-0.8456,11.843,0.43854,0.43854,2.9725,2.8504,0.84595
-0.96582,-0.51709,12.158,0.19817,0.19817,2.3054,3.2234,0.51093
-1.1003,-0.25328,10.751,0.082391,0.082391,2.0806,2.7471,0.25323
-1.0639,-0.20254,12.951,0.045753,0.045753,2.1711,2.7367,-0.021054
-1.2434,0.098866,12.174,0.14687,0.14687,1.953,3.1148,0.64135
-1.2692,0.055243,10.603,0.20885,0.20885,1.9347,-0.54483,3.1092
-1.2717,-0.00025288,9.9674,0.17771,0.17771,2.2317,2.543,0.54912
-1.3261,-0.12428,9.2914,0.14736,0.14736,2.4039,2.6248,2.3891
-1.3542,-0.32079,8.6488,0.13541,0.13541,2.4853,3.2985,1.9798
-1.2928,-0.41552,8.5738,0.13053,0.13053,2.8542,3.0283,1.7449
-1.252,-0.2466,7.11,0.092395,0.092395,2.4405,1.2969,-0.66291
-1.2259,-0.26439,7.551,0.10504,0.10504,2.8581,1.466,-0.69452
-1.221,-0.32056,7.4799,0.18575,0.18575,3.0028,1.7578,-1.0415
-1.2675,-0.11465,6.5103,0.20705,0.20705,2.9284,1.1578,-1.4202
-1.2645,0.21839,5.7703,0.13141,0.13141,2.3799,-0.10385,-1.0879
-1.2674,0.35969,6.6213,0.09348,0.09348,2.4793,-0.51891,-1.7133
-1.2423,0.42613,6.908,0.11821,0.11821,2.1588,-1.0711,-1.909
-1.2063,0.56424,7.3041,0.091567,0.091567,2.1853,1.5583,-1.063
-1.2626,0.5439,7.8007,-0.032865,-0.032865,2.1404,1.4531,-0.048741
-1.2414,0.44955,7.9695,-0.052943,-0.052943,1.9672,-4.7661,2.8565
-1.2474,0.60771,7.5533,-0.12995,-0.12995,2.1067,-4.6361,2.1837
-1.2529,0.80136,6.9108,-0.10549,-0.10549,2.113,-4.5083,2.2442
-1.2305,0.81568,7.479,-0.056555,-0.056555,2.1736,-4.4853,1.3001
-1.2147,0.8549,7.5653,-0.11735,-0.11735,2.1474,-4.1152,0.97974
-1.2028,0.75141,8.162,-0.03635,-0.03635,2.4754,-4.5946,0.32035
-1.2367,0.57103,8.6273,-0.05612,-0.05612,2.9143,-4.5838,-0.9641
-1.1535,0.40872,8.1347,-0.022797,-0.022797,2.6536,-3.1101,-1.6278
-1.0658,0.063051,10.339,-0.17277,-0.17277,2.8199,-4.5289,-1.6838
-1.0655,-0.2036,14.294,-0.45859,-0.45859,2.9574,-4.2514,0.97887
-1.2563,-0.70578,8.1206,-0.45605,-0.45605,1.9635,-3.9569,0.70239
-4.8633,-2.7982,0.60756,-0.69076,-0.69076,1.4314,-4.9578,-2.806
-4.8807,-2.9474,0.5534,-0.65521,-0.65521,1.5364,-4.9533,-2.9555
-4.6453,-2.6126,0.93258,-0.47323,-0.47323,1.6935,-3.8538,-1.9616
-3.9337,-2.0382,0.48928,-0.57245,-0.57245,1.1086,-4.0649,-1.2328
-3.9859,-2.3084,0.77386,-0.64587,-0.64587,1.2645,-4.1899,-1.4971
-3.9109,-2.6146,0.97217,-0.71144,-0.71144,1.3802,-3.8878,-1.3477
-3.6906,-2.6141,1.0781,-0.74048,-0.74048,1.7842,-6.5608,-3.5986
-3.4788,-2.2305,1.0263,-0.76849,-0.76849,1.436,-2.7156,-3.4971
-3.5523,-2.2743,1.1527,-0.89539,-0.89539,1.6254,-2.9424,-3.7402
-3.633,-2.2898,1.1854,-0.91651,-0.91651,1.9288,-2.8102,-4.124
-3.5686,-2.1947,1.2417,-0.99128,-0.99128,1.9297,-2.1134,-4.4077
-3.4244,-2.2252,1.4618,-1.0078,-1.0078,1.9395,-2.44,-4.082
-3.4839,-2.2754,1.8524,-1.278,-1.278,2.6386,-3.3599,-4.0033
-3.5895,-2.1481,1.9837,-1.3509,-1.3509,2.5649,-3.8241,-3.5109
-3.7116,-2.1052,2.2015,-1.3684,-1.3684,2.2709,-4.004,-3.4226
-3.6003,-1.9988,2.1851,-1.1288,-1.1288,2.0299,-3.491,-3.2859
-3.3931,-1.9284,2.2628,-1.1711,-1.1711,1.8565,-2.2391,-3.1881
-3.5621,-1.919,2.5791,-1.3077,-1.3077,2.3765,-2.8675,-3.5625
-3.8827,-1.6126,3.0662,-1.1302,-1.1302,2.4434,-2.8564,-3.7788
-4.0609,-1.2516,3.3346,-0.94046,-0.94046,2.56,-2.3731,-3.762
-3.9359,-1.0734,2.8944,-0.9771,-0.9771,2.2544,-3.2339,-3.584
-3.8162,-1.1691,2.9082,-1.0097,-1.0097,2.4325,-2.6126,-3.7402
-3.7573,-1.2464,2.8057,-0.9057,-0.9057,2.3827,-2.9158,-3.4138
-3.7312,-1.337,2.6982,-0.93252,-0.93252,2.4046,-0.64649,-4.1463
-3.7052,-1.4662,2.4407,-0.85615,-0.85615,2.386,-0.055406,-4.265
-3.6771,-1.5498,2.4509,-0.87823,-0.87823,2.3105,-0.10175,-4.0088
-3.6189,-1.6341,2.4863,-0.79395,-0.79395,2.0843,-1.3749,-2.5955
-3.5862,-1.741,2.6567,-0.88052,-0.88052,2.2945,-4.6385,-0.54912
-3.4431,-1.8293,2.9513,-1.0569,-1.0569,2.4923,-3.3462,0.18829
-3.4628,-1.9303,3.3003,-1.1838,-1.1838,2.8887,-4.0216,-1.3802
-3.4637,-1.7612,3.052,-1.038,-1.038,2.8371,-3.5554,-1.2255
-3.7583,-1.4854,3.8085,-1.2007,-1.2007,4.1996,-4.5004,0.63914
-3.9314,-1.2635,3.5062,-1.1775,-1.1775,4.1898,-4.524,0.25007
-4.1356,-0.98302,2.8687,-0.9885,-0.9885,3.5616,-4.676,-0.039809
-4.3984,-0.60096,2.8866,-0.83698,-0.83698,3.4291,-4.9454,0.1286
-4.5164,-0.070686,2.8242,0.1318,0.1318,3.3501,-5.7849,0.34843
-4.6934,0.42422,2.4242,0.44552,0.44552,3.5115,-5.7842,0.54254
-4.1296,0.59585,2.9586,0.16971,0.16971,3.9116,-4.8201,1.4871
-3.7465,0.54586,2.4709,-0.09193,-0.09193,3.0259,-3.3997,0.91728
-3.6492,0.35318,2.3118,-0.086053,-0.086053,2.5191,-4.11,0.1466
-3.6078,0.23607,2.1708,0.0049133,0.0049133,2.0177,-4.2747,-0.22745
-3.6589,0.037458,2.4599,-0.060649,-0.060649,1.6539,-4.314,-0.1185
-3.576,-0.025644,2.0213,0.048144,0.048144,1.3469,-4.4379,0.54046
-3.4557,-0.069877,1.8245,-0.025186,-0.025186,1.3022,-3.6162,-0.86326
-3.4211,-0.14475,1.8885,-0.033913,-0.033913,1.1931,-3.8414,-0.81458
-3.4967,-0.094589,2.074,0.021554,0.021554,1.1194,-3.8549,-0.054772
-3.6269,-0.19442,2.2646,0.023349,0.023349,1.1072,-3.7594,0.45218
-3.5529,-0.1556,2.22,0.046159,0.046159,1.0973,-3.5431,0.89498
-3.565,-0.11348,2.0321,-0.033347,-0.033347,1.0841,-3.523,0.63261
-3.5906,-0.059112,1.8753,-0.033351,-0.033351,1.0002,-4.5797,1.0135
-4.2799,-0.02453,2.3811,0.28712,0.28712,1.6719,-3.8112,1.3527
-4.2942,-0.050822,2.6227,0.2649,0.2649,1.4502,-3.2407,2.0218
-4.4659,-0.34935,3.0813,-0.067833,-0.067833,1.63,-2.9889,1.3847
-5.0111,-0.58902,3.4178,0.10147,0.10147,2.1942,-3.2225,2.5122
-5.2051,-0.88015,2.8951,-0.12427,-0.12427,2.0697,-6.0746,-2.3601
-5.0805,-0.94066,2.2934,-0.09559,-0.09559,2.2906,-5.0785,-3.2005
-5.264,-0.88404,1.9925,0.21723,0.21723,2.9441,-4.7673,-3.3635
-5.1164,-0.53975,1.8021,0.44435,0.44435,3.0068,-2.9171,-4.0733
-4.9885,-0.14332,1.7386,0.64739,0.64739,3.1395,-2.4325,-4.1156
-4.9897,0.25315,1.9047,0.91306,0.91306,3.5662,-5.6072,0.55842
-4.6949,0.57409,1.322,0.84611,0.84611,3.575,-4.584,1.8368
-4.4423,0.94582,1.2782,0.7885,0.7885,3.0101,-4.5775,1.4479
-4.3455,1.2632,1.4676,1.022,1.022,2.9204,-4.2459,1.2833
-4.4158,1.5899,1.4757,1.0466,1.0466,2.7821,-4.6146,1.2077
-4.3404,1.8701,1.4778,1.0246,1.0246,2.4869,-3.9499,2.7416
-4.1693,2.0307,1.4287,0.93872,0.93872,2.2639,-5.3395,-0.28298
-3.9826,1.9776,1.2964,0.83161,0.83161,2.0043,-3.7855,-0.2294
-4.2446,1.6535,1.4341,0.6627,0.6627,2.6863,-4.3938,-1.6887
-4.0848,1.2673,1.0827,0.3979,0.3979,2.7099,-4.1581,-2.1704
-4.2602,1.0012,1.7009,0.042997,0.042997,3.8197,-4.2477,-2.1209
-4.2218,0.87033,1.5825,0.055219,0.055219,4.4751,-4.0636,-2.4151
-4.1211,0.69908,1.7395,0.041672,0.041672,4.8503,-3.464,-1.9952
-4.0468,0.35214,1.215,0.32139,0.32139,4.5689,-4.3318,-2.2
-4.0889,0.099848,1.3217,0.22103,0.22103,4.8424,-3.6259,-1.467
-4.172,-0.034443,1.5489,0.1175,0.1175,5.1432,-5.2203,2.6886
-4.1683,-0.1651,1.4761,0.032473,0.032473,5.2634,-4.8654,3.0857
-4.184,-0.48729,1.2153,-0.010107,-0.010107,4.3327,-3.3317,3.7107
-4.1161,-0.73307,1.1438,-0.21963,-0.21963,3.8657,-4.0236,4.3877
-4.1779,-0.86724,1.1513,-0.30454,-0.30454,4.0415,-5.1492,0.69056
-4.1401,-0.9192,1.2874,-0.39032,-0.39032,3.9828,-5.2688,1.9714
-4.1899,-0.98053,0.94958,-0.42414,-0.42414,2.8389,-5.2668,1.826
-4.1981,-1.0866,1.0958,-0.49418,-0.49418,2.5036,-4.6962,2.0134
-4.1925,-1.1526,1.2845,-0.58074,-0.58074,2.8359,-2.6526,-2.3307
-4.126,-1.2072,1.5688,-0.73576,-0.73576,3.1363,-4.2153,-0.6158
-4.0789,-1.1545,1.3151,-0.6921,-0.6921,3.2585,-4.3923,-0.76304
-4.1062,-1.0946,1.1737,-0.65988,-0.65988,3.1701,-4.1114,-0.49964
-4.0946,-1.085,1.2007,-0.64045,-0.64045,3.1297,-4.4881,-1.8791
-4.0716,-1.0978,0.99387,-0.42813,-0.42813,2.4744,-4.1759,-2.543
-4.1157,-1.0361,0.74885,-0.40237,-0.40237,2.1042,-3.8134,-1.3923
-4.1567,-1.0641,0.86154,-0.4089,-0.4089,1.9728,-3.6508,-1.5698
-4.1455,-1.0944,1.0016,-0.50196,-0.50196,2.1636,-4.0657,-1.3092
-4.1201,-1.0839,0.91614,-0.53761,-0.53761,2.1204,-4.1849,-2.5027
-4.1385,-1.0396,0.91873,-0.4664,-0.4664,1.8403,-4.4415,-2.3962
-4.1654,-1.0368,0.94869,-0.46215,-0.46215,1.8699,-4.1634,-1.3585
-4.2356,-1.0276,0.89294,-0.39386,-0.39386,1.6071,-4.97,-1.757
-4.2739,-1.0554,0.92711,-0.34409,-0.34409,1.8446,-2.773,-4.7356
-4.1947,-1.0425,0.96711,-0.30914,-0.30914,1.793,-3.1064,-4.4252
-4.1734,-1.0353,0.79551,-0.24214,-0.24214,1.7611,-3.7065,0.32437
-4.1821,-1.0587,0.91854,-0.28297,-0.28297,1.7752,-3.845,-0.02383
-4.1808,-1.1212,0.88727,-0.27959,-0.27959,1.8517,-3.9518,-1.2711
-4.1423,-1.0485,0.77296,-0.19809,-0.19809,1.6433,-4.3539,-2.6475
-4.121,-1.0525,0.80836,-0.24264,-0.24264,1.6219,-4.1858,-0.14145
-4.157,-1.0502,0.90231,-0.25153,-0.25153,1.7443,-4.8516,0.41412
-4.1911,-1.0702,1.166,-0.28782,-0.28782,1.7278,-4.2584,-1.8268
-4.1926,-1.0735,1.2485,-0.30732,-0.30732,1.9712,-4.6498,-2.1007
-4.1638,-1.0908,1.2018,-0.38123,-0.38123,2.197,-4.2119,-1.096
-4.3531,-1.061,1.2928,-0.39313,-0.39313,2.3172,-5.371,-1.8497
-4.3615,-0.9865,1.4063,-0.35027,-0.35027,2.1109,-4.8451,-1.3123
-4.3169,-0.65277,1.3252,-0.14212,-0.14212,1.6739,-4.9615,0.30196
-3.9691,-0.59155,1.2709,-0.19942,-0.19942,1.2646,-4.8695,-0.020352
-3.7031,-0.43695,1.2051,0.072046,0.072046,1.2289,-4.1377,0.3343
-4.5214,-0.3659,1.6978,0.53907,0.53907,2.607,-4.6976,0.63508
-5.2888,-1.562,2.4738,-1.0566,-1.0566,2.7054,-6.1806,1.092
-5.7997,-1.5487,2.3561,-0.41802,-0.41802,3.1071,3.3421,-3.1667
-6.0661,-1.6884,3.5623,-0.6155,-0.6155,3.0319,3.6338,-2.2622
-8.2574,-5.5242,4.297,-3.4641,-3.4641,2.7926,-8.2574,-5.5242
-8.7157,-5.7247,1.1134,0.34207,0.34207,0.77817,-9.8714,-4.6893
-8.6073,-5.5328,0.50189,-0.47372,-0.47372,0.72223,-9.5311,-4.0407
-8.9962,-5.8733,0.89689,-0.52398,-0.52398,1.0592,-9.7329,-4.6856
-9.0706,-6.0381,0.92461,-0.51179,-0.51179,1.5508,-9.6518,-5.2074
-9.1066,-6.1483,2.102,-0.58652,-0.58652,2.2329,-10.602,-4.5419
-9.2179,-6.2472,2.1712,-0.79412,-0.79412,2.8269,-10.251,-5.1977
-8.9842,-6.0952,3.08,-0.28264,-0.28264,3.2934,-9.3671,-7.0314
-8.3713,-5.8754,4.2768,0.31817,0.31817,4.095,-9.3183,-7.0843
-6.312,-4.6219,2.8781,-0.84369,-0.84369,1.8908,-8.8755,-5.3773
-7.2571,-4.4608,2.7261,-0.88172,-0.88172,3.6407,-2.527,-8.1416
-7.4592,-4.3713,3.3545,-1.0638,-1.0638,4.3098,-4.576,-7.0015
-7.9414,-4.3015,2.2082,-1.7508,-1.7508,4.3231,-4.4147,-8.5284
-7.453,-3.8217,1.9838,-1.9229,-1.9229,4.3735,-3.5706,-8.0396
-7.617,-3.8146,2.0054,-1.8141,-1.8141,4.5996,-3.712,-9.0044
-7.6141,-3.7621,1.9708,-1.7923,-1.7923,4.8624,-3.3725,-9.1548
-7.4564,-3.6258,2.6047,-1.419,-1.419,5.4757,-1.7115,-9.1866
-7.3962,-3.7117,2.705,-1.8516,-1.8516,6.5485,-0.86922,-9.3133
-7.2552,-3.7047,3.1597,-2.5384,-2.5384,7.6955,-0.47202,-10.16
-7.2528,-2.6855,2.7098,-3.0243,-3.0243,7.6612,-6.6118,-3.6275
-7.5233,-2.3321,2.4791,-3.1827,-3.1827,8.2789,-6.9701,-3.0164
-7.4599,-2.5266,2.1065,-2.4171,-2.4171,8.4177,-6.5434,-4.376
-7.1705,-2.4135,1.9087,-1.801,-1.801,8.09,-6.7334,-4.1923
-6.9967,-2.2235,1.5283,-1.3537,-1.3537,7.712,-6.6109,-4.2632
-7.0804,-2.0417,1.2728,-1.3897,-1.3897,7.232,-6.4985,-4.7292
-7.0506,-1.8531,1.0724,-1.3049,-1.3049,6.8407,-5.9556,-5.3657
-6.9353,-1.3966,0.87053,-0.78862,-0.78862,5.6178,-6.3313,-4.9561
-6.8538,-1.3806,0.94324,-0.78093,-0.78093,4.1386,-5.942,-4.2949
-6.8959,-1.2769,0.76454,-0.5499,-0.5499,3.4059,-4.2999,-3.7979
-6.9502,-1.167,0.68435,-0.44716,-0.44716,2.9197,-5.8141,-5.4742
-7.2628,-1.228,0.50176,-0.32045,-0.32045,2.6815,-6.0712,-5.1584
-7.2992,-1.2293,0.55122,-0.39963,-0.39963,2.6875,-6.1348,-4.9634
-7.2475,-1.2352,0.52362,-0.28053,-0.28053,2.7823,-4.9069,-6.6233
-7.4226,-1.3195,0.61701,-0.47442,-0.47442,3.16,-5.2347,-6.0318
-7.326,-1.2505,0.6951,-0.33889,-0.33889,3.3328,-5.2408,-6.0448
-7.3247,-1.1565,0.74744,-0.21869,-0.21869,3.7679,-5.5402,-6.2523
-7.3221,-1.0313,0.9659,-0.12832,-0.12832,4.0843,-7.3405,-0.67386
-7.246,-0.91506,1.0265,-0.12285,-0.12285,4.1327,-6.8727,-0.27428
-7.4659,-1.3635,1.0524,-0.45186,-0.45186,4.9559,-6.9643,0.11696
-8.2257,-1.7177,1.3386,-1.6145,-1.6145,5.7271,-8.0114,-1.4273
-8.0826,-1.4708,0.90924,-1.2562,-1.2562,4.6154,-8.6133,-0.086576
-8.2474,-1.0446,0.66851,-0.82916,-0.82916,4.7535,-8.9864,-0.9058
-8.5486,-1.0282,0.55883,-0.85228,-0.85228,4.5783,-8.6963,-1.1018
-8.6202,-1.065,0.5063,-0.79494,-0.79494,4.1761,-8.6253,-0.67408
-8.6137,-1.1052,0.45516,-0.80022,-0.80022,4.1429,-11.215,1.0531
-8.9325,-1.0996,0.47176,-0.86683,-0.86683,4.4659,-8.9697,-0.066557
-9.0559,-0.92587,0.45213,-0.81443,-0.81443,4.4156,-9.0814,3.3036
-8.6984,-0.72211,0.64915,-0.71514,-0.71514,4.5332,-8.81,3.6623
-8.483,-0.4901,0.35041,-0.51639,-0.51639,4.3718,-7.8618,3.3995
-8.4986,-0.16178,0.33455,-0.43177,-0.43177,4.4496,-8.8069,3.7141
-8.5133,0.18218,0.38622,-0.025611,-0.025611,4.5979,-6.8788,3.4972
-8.568,0.33968,0.45092,0.1644,0.1644,4.7923,-6.6528,4.3986
-8.5052,0.37157,0.56211,0.042349,0.042349,5.145,-8.9569,2.8565
-8.0817,0.25039,0.48285,0.067105,0.067105,4.997,-8.1733,4.0544
-8.0892,0.34994,0.47579,-0.15706,-0.15706,5.2492,-7.9436,2.9813
-8.2348,0.29546,0.52165,-0.3078,-0.3078,5.7844,-8.2454,3.8709
-8.551,0.04726,0.37772,-0.19652,-0.19652,5.8505,-8.142,-2.7662
-8.2397,-0.36911,0.97933,-0.28712,-0.28712,5.8956,-8.6505,-2.82
-8.0354,-0.83194,1.2705,-0.77289,-0.77289,5.4733,-7.9091,-3.2872
-7.7223,-0.97651,1.3036,-0.39258,-0.39258,5.409,-8.7482,-3.793
-7.3377,-0.88525,0.68121,-0.35553,-0.35553,4.5945,-6.7643,-2.3696
-7.2476,-1.1893,0.47967,-0.49203,-0.49203,3.8202,-6.9005,-2.0309
-7.1347,-1.3907,0.50325,-0.38847,-0.38847,3.6226,-6.5596,-1.2563
-7.066,-1.1745,0.67082,-0.26198,-0.26198,4.0616,-7.6161,-3.4091
-6.7786,-1.1878,0.86267,-0.017307,-0.017307,4.0093,-6.635,-4.838
-6.6752,-0.98341,0.93216,0.055511,0.055511,4.0224,-6.1971,-4.8208
-6.6376,-0.85851,0.9727,-0.029236,-0.029236,4.2559,-5.07,-3.2297
-6.4838,-0.74473,0.92363,0.099624,0.099624,4.3351,-5.6788,-3.0996
-6.4871,-0.53392,1.0412,-0.00027047,-0.00027047,4.5826,-7.0615,-3.2281
-6.6766,-0.46439,1.0628,-0.12241,-0.12241,5.4858,-7.2431,-4.3908
-6.6649,-0.38249,1.1394,-0.1116,-0.1116,5.6167,-7.4434,-4.106
-6.6324,-0.42065,1.86,-0.39716,-0.39716,5.6781,-7.4138,-2.6509
-6.8907,-0.50144,1.6888,-0.85508,-0.85508,5.9093,-8.3092,-4.0453
-6.8828,-0.53887,2.0631,-1.3041,-1.3041,6.2675,-7.7794,-4.889
-6.8615,-0.66217,2.5748,-1.3229,-1.3229,5.8078,-8.0396,-4.4988
-6.9819,-0.6799,2.0998,-0.71715,-0.71715,6.3086,-8.4265,-3.8951
-7.0706,-0.39988,1.5697,-0.5552,-0.5552,7.3872,-8.2115,-4.3139
-6.809,0.14649,1.5753,0.052851,0.052851,7.4457,-7.0961,-4.1362
-6.4676,0.60535,2.4115,0.56307,0.56307,7.0857,-7.8976,-4.6248
-6.5657,0.27202,2.291,0.5955,0.5955,7.517,-8.3884,-3.6402
-6.8824,0.052313,2.4599,0.18597,0.18597,8.8785,-8.6291,-3.9154
-6.6251,0.031646,2.8878,-0.34396,-0.34396,8.8316,-8.2589,-4.5142
-6.7551,0.10443,3.0594,-0.39961,-0.39961,10.042,-8.6018,-4.0063
-6.7633,0.432,3.223,-0.12566,-0.12566,10.486,-9.0382,-3.2746
-6.6308,0.7813,2.8407,0.15752,0.15752,11.113,-8.2291,-3.9056
-6.3561,1.2059,2.4462,0.41554,0.41554,9.9501,-8.4756,-3.5563
-6.4559,1.5469,2.3223,1.2332,1.2332,10.748,-9.1202,-4.1804
-6.2995,1.9101,2.0769,1.3935,1.3935,10.276,-7.913,-4.5421
-6.4268,2.0156,2.3024,1.3071,1.3071,11.605,-9.648,-2.1161
-6.1895,2.3425,2.2106,1.5901,1.5901,10.009,-8.5188,-3.2756
-6.0384,2.6294,2.2743,2.0199,2.0199,9.6012,-9.0763,-3.4289
-5.9717,3.0361,2.0472,2.226,2.226,8.1637,-8.585,-4.1024
-5.8009,3.2549,1.5706,1.6639,1.6639,5.6318,-7.6778,-3.425
-5.7969,3.2281,1.3659,1.44,1.44,4.8115,-7.15,-4.8346
-5.863,3.4883,1.3793,1.4124,1.4124,3.9497,-8.1333,-4.2692
-6.0807,3.7029,1.3504,1.224,1.224,2.5467,-8.5265,-2.9472
-6.0599,3.4313,1.4099,1.2223,1.2223,2.3565,-8.666,-2.4926
-6.21,3.097,1.2834,1.2564,1.2564,2.2992,-7.044,-1.7185
-6.205,3.0172,1.475,1.1637,1.1637,2.2763,-6.5742,-1.3052
-6.4417,2.8863,1.8309,1.4319,1.4319,2.4399,-7.22,-0.56691
-6.4416,2.4733,1.6651,1.3504,1.3504,3.098,-7.1535,-2.558
-6.521,2.0332,1.1007,1.1318,1.1318,3.4161,-7.2575,-2.57
-6.8819,1.5803,1.3022,1.1389,1.1389,4.1997,-6.7551,-3.8389
-7.2598,1.149,1.3249,0.82105,0.82105,4.864,-6.8374,-2.8439
-7.2226,0.54424,1.6142,0.16418,0.16418,4.5321,-6.7335,-1.7218
-7.4263,0.2088,1.2409,0.40067,0.40067,4.5775,-7.3276,-3.042
-7.173,-0.16714,0.71445,0.20932,0.20932,4.4903,-7.1358,-1.6644
-6.9616,-0.29396,0.51135,0.17382,0.17382,3.8878,-6.6262,-2.7995
-7.0691,-0.50975,0.42474,0.082068,0.082068,3.8735,-7.3865,-2.3437
-6.2761,-1.1355,1.4485,0.50127,0.50127,4.2201,-5.1875,-4.2348
-5.6357,-0.58592,0.63737,0.42727,0.42727,3.2565,-4.8353,-4.8895
-7.1367,-3.0394,2.367,-1.074,-1.074,6.6252,-6.136,-4.5423
-6.834,-3.3237,1.8708,-1.1438,-1.1438,4.2156,-6.0392,-5.2635
-6.8414,-3.6137,1.7718,-1.7583,-1.7583,3.3337,-5.0699,-4.9016
-6.6546,-3.4702,1.9042,-1.1859,-1.1859,3.2806,-5.6862,-5.7963
-6.31,-2.8253,3.1522,-1.0683,-1.0683,3.5424,-6.822,-6.6034
-5.9505,-3.054,2.4752,-1.275,-1.275,3.1746,-6.2719,-7.0188
-7.7099,-3.9242,1.5833,-1.879,-1.879,4.8977,-6.6406,-6.6914
-7.5413,-3.998,1.377,-1.8989,-1.8989,4.6681,-6.1992,-7.121
-7.1846,-3.899,1.6709,-2.0624,-2.0624,4.8222,-5.8379,-7.4363
-6.9263,-3.7609,1.723,-2.0444,-2.0444,4.9458,-6.1667,-7.0966
-6.8343,-3.4975,1.6761,-1.9708,-1.9708,5.1267,-6.4736,-6.7925
-6.8319,-3.0559,1.8881,-1.6944,-1.6944,5.9565,-7.0482,-6.2998
-6.9946,-2.5296,1.7109,-1.8746,-1.8746,6.7038,-4.5232,-4.4871
-7.1794,-2.1527,1.9681,-1.9176,-1.9176,8.1101,-4.7044,-4.3576
-7.7446,-2.2429,2.8313,-1.911,-1.911,9.049,-7.9028,-3.3546
-8.0546,-2.0694,2.2048,-1.6894,-1.6894,9.2891,-8.6219,-3.8811
-8.4007,-2.285,1.9163,-1.9676,-1.9676,10.568,-9.053,-3.2675
-8.3454,-2.2745,2.5413,-2.3079,-2.3079,12.929,-8.8589,-3.4332
-8.4421,-1.8145,2.2816,-1.413,-1.413,13.992,-7.721,-4.9742
-8.4498,-1.5363,2.4629,-1.3151,-1.3151,13.77,-8.4397,-4.3064
-8.0461,-2.392,2.1956,-0.86861,-0.86861,12.544,-8.0935,-4.3698
-7.2606,-1.9354,1.5824,0.07206,0.07206,13.027,-7.6476,-3.9108
-6.9158,-1.3393,1.5505,1.136,1.136,13.735,-7.7674,-5.0674
-6.7083,-1.0042,1.5709,1.5821,1.5821,13.58,-7.936,-2.5942
-6.3255,-0.2362,1.6513,1.8585,1.8585,10.511,-7.7699,-4.9348
-6.1649,0.38,2.091,2.3102,2.3102,9.8885,-7.5211,-5.3266
-6.1538,0.3014,2.1003,2.0517,2.0517,10.242,-6.9069,-6.3787
-6.5502,0.23731,1.7144,0.90787,0.90787,10.747,-7.8672,-6.4428
-6.1883,0.69877,1.1064,0.43623,0.43623,8.3843,-8.0859,-7.5623
-6.2658,1.1491,1.0905,0.39908,0.39908,8.1715,-8.8343,-7.0234
-6.2494,1.5641,0.96927,0.45819,0.45819,7.632,-9.448,-5.7585
-5.9692,1.5723,0.92825,0.051737,0.051737,6.7695,-10.216,-6.2881
-6.0854,1.8604,0.96821,0.0048034,0.0048034,6.867,-6.7494,-2.4504
-6.3968,1.8806,1.2533,0.025442,0.025442,7.0624,-7.1869,-1.5001
-6.4444,1.6525,1.5522,-0.82256,-0.82256,7.4584,-6.6506,-2.5558
-6.4247,1.4324,1.8238,-1.4145,-1.4145,8.7625,-7.0427,-1.5766
-6.2002,1.2943,2.2956,-1.7897,-1.7897,9.0612,-6.0973,-0.029007
-6.3718,1.2016,2.4666,-2.3263,-2.3263,9.72,-6.8923,-0.4212
-6.6394,1.0661,2.8545,-3.3097,-3.3097,11.431,-7.8612,0.82487
-6.372,1.0913,2.9091,-2.3244,-2.3244,9.496,-6.227,0.06744
-6.4621,1.6438,3.1479,-2.2154,-2.2154,9.6333,-3.0949,-4.7297
-6.5476,1.8892,4.3572,-2.5741,-2.5741,10.982,-6.5576,-5.3808
-7.1939,2.3565,3.8368,-1.5065,-1.5065,12.098,-6.3988,-5.3797
-7.1747,3.1775,2.8805,0.061043,0.061043,10.203,-5.6764,-6.028
-6.9204,3.5949,4.4321,0.17741,0.17741,10.627,-2.352,-7.4167
-6.7552,4.1821,3.8242,1.2771,1.2771,9.2954,-1.3347,-6.4407
-6.7852,4.7999,3.5536,1.5878,1.5878,7.7428,-2.6093,-7.6336
-6.7344,5.0434,3.6924,1.7363,1.7363,8.1234,-1.6643,-7.6537
-6.8809,5.3172,4.4507,3.1105,3.1105,10.084,-1.3452,-7.7303
-6.7181,5.5469,3.7321,2.9154,2.9154,9.6543,-2.1502,-6.7264
-6.8281,5.4744,4.3265,3.1785,3.1785,9.3461,-1.0427,-6.5462
-6.6031,5.606,4.1056,3.7336,3.7336,8.6013,-1.5679,-6.7689
-6.2419,5.9582,4.1425,3.2439,3.2439,8.0237,-1.5775,-6.7477
-5.9374,6.1854,4.0443,3.7416,3.7416,6.7734,-3.2332,-7.1162
-5.9778,5.9653,4.4038,4.5271,4.5271,7.4528,-1.2766,-7.4384
-5.9553,5.8518,4.8306,5.2711,5.2711,8.3492,-0.81884,-7.5304
-6.133,5.3592,5.3556,5.4001,5.4001,9.6183,-7.3686,7.434
-6.1149,5.6583,5.1877,5.5124,5.5124,9.9688,-6.2567,5.0867
-6.0313,5.7595,5.4042,5.5071,5.5071,10.452,-6.6992,4.0253
-5.8303,5.8607,5.2901,5.722,5.722,10.655,-7.8118,3.6326
-5.6748,5.6089,5.3931,5.9312,5.9312,10.624,-6.8677,3.6375
-5.4158,5.683,5.8054,5.4792,5.4792,8.7428,-6.9839,3.0495
-5.2403,5.5401,6.2829,5.6288,5.6288,8.3368,-7.1931,3.3521
-5.1398,5.3679,6.5448,5.8769,5.8769,8.4172,-7.151,0.69633
-5.1545,5.496,7.8537,6.9114,6.9114,8.7294,-7.6995,1.8048
-5.3141,5.1993,8.2504,6.9303,6.9303,8.0386,-7.0761,2.1087
-4.6253,5.5207,10.669,8.7045,8.7045,10.081,-7.1356,1.7373
-4.0268,6.0178,14.879,11.255,11.255,11.647,-7.1158,2.0948
-3.3594,6.785,17.858,12.052,12.052,11.186,-7.613,3.8493
-3.0313,7.0309,19.543,12.156,12.156,10.422,-6.8663,3.206
-3.0064,6.9068,21.594,12.471,12.471,9.4586,-6.8416,3.81
-1.9325,7.3857,21.976,12.079,12.079,8.8708,-6.8427,3.5844
-0.97338,8.0287,21.547,10.743,10.743,7.6786,-7.7369,3.8173
-0.35301,8.0857,20.61,9.8271,9.8271,7.1442,-7.0774,3.3633
-0.59777,7.9149,23.142,11.973,11.973,8.8814,-6.9329,2.9182
-0.66181,7.6304,23.655,11.415,11.415,8.2161,-7.64,2.1988
-0.43126,7.6387,24.883,12.041,12.041,8.6272,-7.5675,2.517
-0.14898,7.638,26.405,12.092,12.092,8.4881,-8.7611,2.6123
-0.11549,7.5094,28.359,12.537,12.537,8.5929,-8.0843,4.4621
-0.34103,7.1749,27.314,12.733,12.733,9.5713,-6.8762,1.9041
-0.22232,7.5267,29.138,11.803,11.803,8.4151,-7.1486,1.3639
0.040394,7.5738,28.487,11.036,11.036,8.0107,-7.9535,0.44259
-0.30888,7.4202,28.611,12.093,12.093,8.7934,-7.8535,0.61944
-0.67185,7.1043,29.858,13.293,13.293,9.2391,-7.9766,-0.097085
-0.67808,6.9532,32.064,14.021,14.021,9.2975,-8.0402,0.24041
-1.2882,6.674,30.797,14.209,14.209,9.9519,-7.0516,1.15
-2.348,6.0471,28.509,13.588,13.588,9.2301,-7.0187,1.3054
-3.1101,5.6499,25.918,12.251,12.251,8.2514,-6.8068,-0.3418
-3.577,5.5591,22.834,11.837,11.837,8.717,-6.9537,-0.31407
-3.2414,5.6574,21.764,12.366,12.366,9.9585,-7.083,0.94109
-2.6216,6.3766,26.588,13.478,13.478,9.8781,-6.8612,-0.55525
-2.5053,6.6154,26.328,12.686,12.686,8.8934,-7.0494,1.0016
-2.2994,6.8689,27.254,13.068,13.068,8.6553,-7.1693,1.0314
-1.6615,7.1769,28.643,13.187,13.187,8.5373,-7.037,1.3246
-1.5692,7.3365,31.975,14.572,14.572,9.2801,-7.8774,4.643
-1.7145,7.118,35.809,15.945,15.945,9.652,-7.5348,4.3942
-1.5621,6.9116,36.055,15.319,15.319,8.9214,-7.2788,4.3206
-2.0449,6.6311,39.561,16.43,16.43,9.6443,-7.5367,4.3984
-2.2675,6.3646,39.433,16.129,16.129,9.1627,-7.5681,3.9416
-0.95475,6.6311,38.458,14.53,14.53,8.2643,-7.207,3.3157
-0.66575,6.6808,38.867,13.666,13.666,7.8206,-6.7183,4.9372
-0.52594,6.7887,39.209,14.147,14.147,8.3272,-6.9171,4.9675
0.012426,6.9791,43.896,15.443,15.443,9.1689,-7.4357,4.0811
-0.19414,6.8311,45.174,15.584,15.584,9.4874,-7.2057,4.4485
-0.37278,6.5775,44.342,15.353,15.353,8.7832,-8.2024,2.9615
-0.60458,6.5202,42.579,13.973,13.973,8.3106,-6.3263,6.9373
-0.91069,6.3932,41.574,13.139,13.139,8.2604,-6.6354,6.4877
-1.3494,6.3337,39.332,12.921,12.921,8.5374,-7.0955,4.7042
-2.2629,6.2563,32.067,12.095,12.095,8.4207,-6.5719,5.3569
-3.0721,6.1435,29.06,11.222,11.222,7.9822,-6.6106,5.1631
-2.5392,6.3315,29.713,10.856,10.856,7.635,-6.4348,4.1812
-4.3937,4.8143,15.445,7.2096,7.2096,5.9242,-5.9383,3.3121
-4.319,4.669,17.789,8.552,8.552,8.4744,-6.3168,4.7804
-5.2638,3.6732,12.426,6.2407,6.2407,7.8563,-6.4194,3.0054
-5.9158,3.6154,8.0907,5.707,5.707,6.4487,-7.8068,3.4554
-5.767,2.238,0.87238,1.2398,1.2398,2.8606,-5.5681,3.4556
-6.0679,2.9593,1.7185,1.7301,1.7301,2.6326,-6.5138,4.1091
-5.9359,2.7874,1.2356,1.2393,1.2393,2.9059,-6.2736,3.3464
-6.3387,3.6902,2.144,1.9471,1.9471,2.673,-6.2269,3.9416
-5.2123,2.1703,1.8288,2.0066,2.0066,5.6544,-2.1001,4.4145
-5.2011,2.1304,1.954,2.0257,2.0257,5.7576,-1.1575,4.5059
-6.7846,-3.9227,1.5216,-2.2464,-2.2464,8.5748,-8.7739,0.073773
-7.6395,-2.3418,0.87847,-0.39099,-0.39099,13.43,-8.5457,-0.34215
-8.2317,-2.1592,1.0494,-0.7062,-0.7062,15.451,-8.404,-0.35443
-7.859,1.0192,1.0986,1.3932,1.3932,7.0444,-8.6503,0.57651
-6.8877,3.2829,1.6038,1.5454,1.5454,6.3309,-7.341,1.2882
-6.5202,3.351,1.4751,1.0223,1.0223,5.0799,-6.653,0.36164
-6.3719,2.9206,1.3243,1.0737,1.0737,5.709,-6.8095,-0.013721
-5.9365,1.8861,0.98589,0.81172,0.81172,4.1822,-5.9291,-0.15405
-5.4617,1.6916,0.89873,0.74598,0.74598,2.9357,-5.5543,-0.075924
-5.1536,1.5418,0.76962,0.35255,0.35255,2.8703,-5.6751,1.1298
-5.231,1.8259,0.89481,0.60617,0.60617,2.8676,-5.157,0.84142
-4.5207,0.67769,0.23461,0.33985,0.33985,1.2702,-4.135,1.9262
-3.9546,0.30334,0.33822,0.39532,0.39532,1.0373,-3.4256,1.3622
-4.0342,0.49026,0.46987,0.51272,0.51272,1.3936,-3.91,0.84648
-3.8621,0.45775,0.5019,0.53997,0.53997,1.5097,-3.3192,1.2741
-3.6895,0.37076,0.51675,0.49614,0.49614,1.5825,-2.2885,1.5222
-3.658,0.39025,0.7151,0.59411,0.59411,1.5564,-2.9465,1.8711
-3.4845,0.56361,1.1147,0.7449,0.7449,1.7013,-3.4242,-0.66637
-3.3253,0.68402,1.3668,0.88873,0.88873,1.8139,-3.4517,0.28135
-3.0606,0.76489,1.4242,0.86466,0.86466,1.7262,-4.5462,-0.61876
-2.9385,0.87185,1.5643,0.88421,0.88421,1.645,-4.5713,-0.4119
-2.8154,0.93392,1.6812,0.90375,0.90375,1.636,-3.5515,0.36648
-2.6418,1.1912,1.9676,0.89669,0.89669,1.6593,-3.4844,-0.14787
-2.4138,1.1452,1.81,0.74643,0.74643,1.2419,-2.6504,1.241
-2.5632,1.5922,2.5918,1.0393,1.0393,1.6746,-4.256,1.1573
-2.2989,1.5128,2.4407,0.89403,0.89403,1.2634,-4.7147,0.48524
-2.0754,1.6218,2.321,0.73966,0.73966,1.0565,-4.6414,0.52238
-1.9355,1.6834,2.3206,0.65168,0.65168,0.9516,-3.5101,0.18421
-1.8128,1.7273,2.2908,0.52812,0.52812,0.86211,-3.5244,0.5329
-1.7197,1.7737,2.2473,0.3775,0.3775,0.70945,-3.5573,1.5642
-1.6569,1.7887,2.2169,0.3372,0.3372,0.68947,-3.0675,2.0492
-1.5798,1.7682,2.3053,0.31538,0.31538,0.71373,-2.1513,2.1002
-1.5325,1.8701,2.2991,0.27042,0.27042,0.81322,-2.4117,2.2614
-1.4835,1.895,2.2207,0.24576,0.24576,0.88091,-2.2866,2.7158
-1.4464,1.9313,2.1441,0.2314,0.2314,0.85577,-0.57863,2.0483
-1.3735,2.087,2.4291,0.17466,0.17466,0.90283,0.36824,2.3215
-1.3365,1.8406,2.1355,0.11879,0.11879,0.68457,0.32115,2.0526
-1.3414,1.9646,2.4716,0.12475,0.12475,0.69743,-2.5993,2.1848
-1.2783,1.9521,2.6088,0.069403,0.069403,0.6902,-2.2733,2.31
-1.2932,1.8745,2.2495,0.09466,0.09466,0.52765,-2.3969,2.0992
-1.2768,1.8787,2.2248,0.081248,0.081248,0.48607,-2.6154,1.7277
-1.2625,1.9623,2.2646,0.037536,0.037536,0.63433,-1.9165,2.7976
-1.276,1.8744,2.115,0.074843,0.074843,0.55052,-2.5857,1.8622
-1.2569,1.9972,2.3625,0.0747,0.0747,0.61916,-2.5932,2.2857
-1.1831,1.8734,2.1962,0.0072008,0.0072008,0.54438,-2.609,1.815
-1.1899,1.8727,2.1969,0.058273,0.058273,0.53283,-2.8842,1.9876
-1.162,1.9924,2.4503,-0.012153,-0.012153,0.56925,-3.2865,1.8334
-1.1779,1.8838,2.2505,0.009234,0.009234,0.48559,-2.5162,1.6016
-1.1785,1.8795,2.2126,0.00099179,0.00099179,0.47635,-1.1546,2.2221
-1.1738,1.8873,2.167,-0.01756,-0.01756,0.44512,-1.6685,2.4193
-1.1494,1.8753,2.21,-0.037138,-0.037138,0.47216,-2.0224,2.5279
-1.1898,1.8767,2.2241,0.0026381,0.0026381,0.47351,-2.2212,1.9823
-1.2024,1.9526,2.2702,-0.00080288,-0.00080288,0.63719,-1.1316,3.0377
-1.2151,1.8508,2.2322,0.017808,0.017808,0.53374,1.0407,1.0121
-1.1795,1.9454,2.3054,0.0020527,0.0020527,0.69006,0.17821,2.0821
-1.207,1.9194,2.3576,0.022498,0.022498,0.78091,0.52912,1.1786
-1.2371,1.8317,2.2208,0.047046,0.047046,0.63284,-0.73303,2.5956
-1.2125,1.9479,2.2494,0.040573,0.040573,0.70783,0.78105,1.4925
-1.177,1.8586,2.0843,-0.0026757,-0.0026757,0.62072,1.7814,1.0424
-1.1876,1.8797,2.0503,0.013743,0.013743,0.5603,1.4178,1.5271
-1.2013,1.873,2.1707,0.039007,0.039007,0.52154,1.3347,1.6735
-1.1933,1.8726,2.1841,0.0047476,0.0047476,0.50449,-2.2002,2.4272
-1.1996,1.8779,2.1785,-0.026745,-0.026745,0.48879,-4.5635,0.82064
-1.2387,1.8618,2.2318,-0.0013936,-0.0013936,0.52687,-3.4349,0.48743
-1.2191,1.8546,2.2586,-0.042592,-0.042592,0.54397,-3.227,0.89831
-1.2615,1.8504,2.2327,0.032966,0.032966,0.52495,-3.6621,-0.22852
-1.2593,1.9515,2.266,0.043631,0.043631,0.59516,-3.727,0.63706
-1.2727,1.9526,2.2499,0.059709,0.059709,0.66526,-1.9812,2.7609
-1.2951,1.8319,2.384,0.072019,0.072019,0.5987,-3.4891,-0.96003
-1.316,1.9179,2.7314,0.060688,0.060688,0.65524,-4.4535,1.0038
-1.3342,1.9455,2.7317,0.028947,0.028947,0.58002,-3.8301,0.65881
-1.3239,1.94,2.7842,0.072762,0.072762,0.58345,-3.8266,0.85914
-1.3299,2.0219,3.3252,0.091447,0.091447,0.66254,-4.045,1.0523
-1.3456,1.8623,3.2875,0.14215,0.14215,0.76026,-3.8819,0.58251
-1.3004,1.886,3.8805,0.10304,0.10304,0.84696,-3.5968,1.806
-1.2907,1.5276,3.0559,0.044473,0.044473,0.97557,-3.5292,1.0415
-1.2747,1.207,3.1431,0.018374,0.018374,0.86826,-3.2863,0.92242
-1.2533,1.2551,3.4162,-0.049,-0.049,0.92737,-3.6098,0.50919
-1.2411,1.1459,3.1324,-0.071279,-0.071279,1.0059,-3.3783,-0.84733
-1.2321,1.2754,3.2789,-0.016775,-0.016775,0.99095,-3.5573,0.42032
-1.1979,1.2601,2.8599,0.012198,0.012198,0.82764,-3.0706,0.73684
-1.1682,1.1228,2.8041,-0.0026926,-0.0026926,0.90608,-3.5496,0.22506
-1.1926,0.97728,3.0536,-0.0069901,-0.0069901,1.0242,-3.7088,0.15594
-1.1362,0.85713,3.2657,-0.046683,-0.046683,1.0855,-3.2631,0.47162
-1.1837,0.76696,3.9371,-0.026574,-0.026574,1.3576,-2.3292,1.2913
-1.2315,0.62013,4.2663,-0.01287,-0.01287,1.4308,-2.7197,1.0147
-1.2892,0.4915,4.0465,-0.0070044,-0.0070044,1.3094,-3.6667,0.07461
-1.3466,0.54747,4.8842,-0.063653,-0.063653,1.5003,-4.4024,-0.66803
-1.3162,0.65659,4.8081,0.098157,0.098157,1.5817,-4.8272,-0.51586
-1.3489,0.52573,4.173,0.17383,0.17383,1.5107,-4.0168,-0.31682
-1.3593,0.42989,4.0805,0.1387,0.1387,1.5607,-3.9228,-1.0801
-1.3893,0.4202,4,0.13264,0.13264,1.5021,-2.9372,-1.8414
-1.4284,0.56659,4.2095,0.19106,0.19106,1.4618,-2.2029,1.7598
-1.4001,0.7938,4.3106,0.15828,0.15828,1.4629,-2.9521,1.5817
-1.36,0.8366,3.7906,0.17844,0.17844,1.3752,-3.2554,1.5923
-1.3797,0.86606,3.6896,0.14203,0.14203,1.3187,-1.7329,2.0103
-1.3607,1.0137,3.8531,0.15257,0.15257,1.3629,-1.6165,1.8816
-1.3484,1.1197,3.6128,0.10744,0.10744,1.3135,-2.2502,2.1076
-1.3022,1.0768,3.2273,0.062399,0.062399,1.2182,-1.4509,2.3101
-1.2878,1.2303,3.3634,0.086897,0.086897,1.1287,-1.2796,2.0596
-1.2255,1.1555,3.1219,0.042042,0.042042,1.0556,-1.3888,2.4241
-1.1846,1.2563,3.3286,-0.025495,-0.025495,1.0463,-1.8391,2.3996
-1.1669,1.1804,3.0873,-0.00065399,-0.00065399,0.9639,-0.18281,1.6516
-1.2435,1.1525,3.1878,0.0088271,0.0088271,0.88906,0.40194,1.7263
-1.2721,1.2801,3.3506,0.059139,0.059139,0.92219,0.48739,1.9412
-1.2602,1.2067,3.0444,0.028794,0.028794,0.89876,0.48562,1.9283
-1.2515,1.2955,3.262,0.0027067,0.0027067,0.93089,-0.33733,2.3084
-1.2605,1.3712,3.1505,-0.042134,-0.042134,0.84456,-1.0657,2.2897
-1.2614,1.3845,3.0692,-0.015915,-0.015915,0.85907,-0.44213,1.9734
-1.2761,1.4156,3.0096,-0.024738,-0.024738,0.8174,-0.19607,2.2292
-1.2784,1.4555,2.9768,-0.085222,-0.085222,0.72236,-0.32648,2.2309
-1.2509,1.6253,2.9324,-0.098462,-0.098462,0.78659,-0.54822,2.2275
-1.288,1.4435,2.0579,0.0057601,0.0057601,0.88086,-0.86235,2.349
-1.2509,1.8932,3.327,0.013762,0.013762,1.0531,0.3386,2.507
-1.2898,2.0713,3.6105,0.030314,0.030314,1.4251,0.86579,1.9346
-1.4545,2.3692,5.481,0.39267,0.39267,1.9278,1.9497,1.5052
-1.7004,2.9042,7.7095,1.373,1.373,2.8371,-0.8134,3.9715
-1.7402,4.398,9.0132,1.0091,1.0091,1.2167,1.2981,4.728
-3.309,3.5678,7.348,0.4458,0.4458,1.2974,1.4986,3.1482
-3.9343,3.25,5.0195,-0.49136,-0.49136,1.1301,-5.8734,2.6177
-3.4985,2.834,5.3261,-0.15071,-0.15071,0.82169,-5.284,1.2131
-2.6647,2.6183,4.5898,0.20278,0.20278,0.84402,-7.1413,1.1251
-2.3452,2.3978,4.5071,0.25024,0.25024,1.0834,-4.9649,1.9052
-1.9702,2.2446,3.9651,0.082829,0.082829,1.1259,-6.2014,2.3155
-2.2606,2.6672,5.7637,0.56894,0.56894,1.5491,-4.2046,2.0698
-2.3576,2.3142,5.986,0.44084,0.44084,1.8138,-4.6629,2.1844
-2.2233,1.9178,5.9411,0.49644,0.49644,2.1045,-5.9518,3.597
-2.3144,1.759,6.1396,0.63346,0.63346,2.5547,-7.0133,2.4195
-2.4269,1.5444,6.1484,0.84254,0.84254,2.7608,-5.17,3.2263
-2.4089,1.1174,5.6941,0.66601,0.66601,2.2655,-5.6037,2.7423
-2.1918,1.0572,4.5998,0.67097,0.67097,2.1198,-5.3587,-1.3548
-2.2499,1.0728,4.8072,0.82378,0.82378,2.3288,-5.0548,-0.84211
-2.2556,1.0517,4.8711,0.83381,0.83381,2.7494,-5.3442,-0.44141
-2.2336,0.99697,4.9559,0.7783,0.7783,2.7703,-5.1068,-0.81023
-2.226,0.89322,4.6014,0.54481,0.54481,2.5629,-5.217,-0.24785
-2.2432,0.7423,4.4638,0.33823,0.33823,2.6094,-5.2843,0.083778
-2.3266,0.61761,4.7699,0.26822,0.26822,3.0072,-5.6098,0.54155
-2.2938,0.37324,4.8878,-0.090731,-0.090731,3.2872,-6.1004,1.1367
-2.1808,0.16847,4.6235,-0.25897,-0.25897,3.6747,-6.1778,1.0011
-1.9478,-0.077842,3.9053,-0.046196,-0.046196,3.4701,-4.6268,-0.39751
-1.8389,-0.21256,3.9361,-0.0085207,-0.0085207,3.7594,-5.6945,-0.60578
-1.7752,-0.24426,3.7817,-0.053603,-0.053603,3.689,-6.564,-0.54135
-1.6086,-0.18456,3.054,0.033274,0.033274,2.9674,-6.8501,-0.29213
-1.5865,-0.15947,3.3358,-0.01765,-0.01765,3.1858,-6.5739,-1.5807
-1.6026,-0.054043,3.2606,0.056671,0.056671,3.1282,-1.3414,-2.3698
-1.6125,-0.066257,3.0988,0.080293,0.080293,3.1867,-0.46126,-2.3905
-1.5843,0.072264,2.7961,0.081925,0.081925,3.2606,-0.38993,-2.4528
-1.5157,0.12256,2.2901,0.039814,0.039814,2.9398,-0.86339,-1.9541
-1.5217,0.0597,2.6272,0.1498,0.1498,3.3352,-0.080339,-2.0418
-1.4759,0.088144,2.697,0.15642,0.15642,3.4903,0.8275,-0.196
-1.4494,0.18573,2.306,0.13652,0.13652,3.0253,0.53869,0.54136
-1.4075,0.17673,2.3054,0.16499,0.16499,2.9231,0.9941,0.50032
-1.343,0.041504,2.3113,0.073714,0.073714,2.9394,-1.4634,2.0078
-1.3695,0.17748,2.3776,0.036803,0.036803,2.7441,-1.5094,2.1977
-1.3036,0.14351,2.2578,0.045042,0.045042,2.7518,-1.1065,1.8196
-1.2996,0.15816,2.2869,-0.031986,-0.031986,2.7063,-0.32699,1.9732
-1.3036,0.046233,2.2829,-0.018326,-0.018326,2.5835,0.54917,1.7377
-1.3441,0.13324,2.7329,-0.036164,-0.036164,3.1804,0.35164,1.5865
-1.3339,0.045272,2.3579,0.062298,0.062298,2.7386,-0.12634,1.4853
-1.291,0.078173,2.3656,0.016001,0.016001,2.6388,0.71541,1.2297
-1.287,0.11855,2.8375,0.051712,0.051712,3.1928,-0.064858,1.7624
-1.2944,0.072847,2.8722,0.056641,0.056641,3.243,0.73288,0.81495
-1.3124,0.060545,2.7805,2.8499e-05,2.8499e-05,3.2704,1.0739,1.1089
-1.2985,0.057,2.7232,-0.061293,-0.061293,3.2928,0.35945,1.2703
-1.3153,0.11893,2.8354,-0.067758,-0.067758,3.3528,0.59971,1.5674
-1.3417,0.034881,2.9189,0.024539,0.024539,3.2305,0.95174,1.4251
-1.3264,0.056673,2.907,0.10008,0.10008,3.1793,0.82122,1.0868
-1.3207,0.039132,2.9797,-0.0088608,-0.0088608,3.2157,0.56827,1.162
-1.341,0.18962,2.9756,-0.079735,-0.079735,3.3228,0.81102,0.41932
-1.3203,0.088947,3.0077,0.033333,0.033333,3.6233,-3.0736,1.4023
-1.2525,0.33989,3.138,0.16239,0.16239,3.3345,-3.5631,1.736
-1.263,0.78912,4.0586,0.1257,0.1257,4.5384,-3.6698,1.7626
-1.309,0.76869,3.6432,0.083164,0.083164,2.9208,-4.0507,1.1361
-1.3234,0.53077,3.2148,0.0076134,0.0076134,2.8636,-5.2406,1.3684
-1.3198,0.45978,3.5145,-0.060368,-0.060368,3.5412,-5.4746,1.5859
-1.3793,0.39615,3.9578,-0.080451,-0.080451,4.494,-5.5459,2.3781
-1.3494,0.35071,4.0053,-0.11549,-0.11549,4.5134,-5.387,2.6847
-1.3712,0.21414,4.0418,-0.20674,-0.20674,4.6467,-5.0423,2.6608
-1.4044,-0.058618,4.198,-0.18594,-0.18594,4.5668,-5.0978,2.0018
-1.4521,-0.31193,4.3894,-0.31462,-0.31462,4.4545,-4.0007,2.4926
-1.4529,-0.58222,4.3321,-0.37491,-0.37491,3.9888,-5.3431,1.9188
-1.4443,-0.84099,4.2619,-0.34425,-0.34425,3.6248,-5.205,1.0689
-1.4618,-1.0776,4.044,-0.44058,-0.44058,3.2835,-5.3836,0.50501
-1.4739,-1.1402,3.6876,-0.32369,-0.32369,2.7052,-3.609,-1.0691
-1.4988,-1.3033,3.6918,-0.57591,-0.57591,2.6464,-3.536,-0.16111
-1.3795,-1.4314,3.3265,-0.36252,-0.36252,2.3801,-3.5614,-2.3982
-1.2818,-1.6175,3.5575,-0.29595,-0.29595,2.3842,-3.0443,-2.0805
-1.2403,-1.6429,3.6233,-0.13937,-0.13937,2.4144,-3.6007,-2.2607
-1.2974,-1.7671,4.0699,-0.099973,-0.099973,2.4564,-2.3166,-2.5735
-1.4051,-1.8311,4.2423,-0.17162,-0.17162,2.4055,-0.40515,-2.86
-1.4713,-1.8765,4.3499,-0.22567,-0.22567,2.2481,0.066667,-2.8641
-1.5195,-1.7627,4.2585,-0.10106,-0.10106,2.0816,0.40074,-2.2598
-1.49,-1.7403,4.8133,-0.16864,-0.16864,2.3792,-3.917,-3.9121
-1.517,-1.6258,4.6935,-0.1151,-0.1151,2.3794,-0.13634,-5.7709
-1.5505,-1.6881,4.9522,-0.19802,-0.19802,2.5516,-0.43148,-5.9848
-1.6406,-1.4938,4.741,-0.24848,-0.24848,2.4775,-0.44436,-5.3543
-1.63,-1.4216,4.9595,-0.18894,-0.18894,2.5354,-1.6182,-5.3815
-1.6635,-1.3296,4.8169,-0.18079,-0.18079,2.2921,-0.50627,2.7529
-1.7799,-1.2994,5.2383,-0.29675,-0.29675,2.6985,-0.30407,2.6808
-1.9133,-1.2699,5.2419,-0.47952,-0.47952,2.5311,-0.12778,2.1803
-1.9355,-1.1434,5.443,-0.55281,-0.55281,2.2889,-0.57932,2.7109
-1.9455,-1.1822,5.3583,-0.61642,-0.61642,2.0229,0.62432,1.6761
-1.9356,-1.1428,5.4306,-0.60108,-0.60108,2.1341,-4.002,0.48879
-1.8849,-1.2406,5.2819,-0.75302,-0.75302,2.0706,-3.6929,-0.088679
-1.8083,-1.3688,5.0364,-0.64355,-0.64355,2.5414,-3.9022,-0.79551
-1.7393,-1.3469,4.895,-0.54442,-0.54442,2.8737,-3.7268,-1.224
-1.7109,-1.2982,4.736,-0.44829,-0.44829,3.2356,-6.1901,1.082
-1.6896,-1.1862,4.7098,-0.41336,-0.41336,3.2379,-7.075,0.892
-1.837,-1.2016,4.9362,-0.5323,-0.5323,3.3735,-4.1495,1.8368
-1.8075,-1.1722,4.4505,-0.37744,-0.37744,3.241,-3.5393,1.0924
-1.8598,-0.99669,4.3825,-0.21488,-0.21488,3.136,-4.0149,0.49433
-1.7861,-0.96414,4.2375,-0.18956,-0.18956,3.1136,-3.9755,-0.00044586
-1.8135,-0.93118,4.2938,-0.30024,-0.30024,3.2131,-5.6108,-0.61514
-1.796,-0.91445,4.5608,-0.42833,-0.42833,3.0946,-5.4267,-0.53753
-1.8194,-0.90047,4.736,-0.53099,-0.53099,3.082,-5.156,-0.56099
-1.8498,-0.98085,4.4776,-0.46059,-0.46059,2.8685,-5.0184,-0.29265
-1.9344,-0.99403,4.5651,-0.52539,-0.52539,2.7605,-5.0826,0.39303
-1.9836,-1.0119,4.5585,-0.5428,-0.5428,2.5947,-3.8236,-0.46624
-2.008,-1.0215,4.5955,-0.58384,-0.58384,2.6805,-3.739,-0.15184
-1.9879,-1.0615,4.5592,-0.54543,-0.54543,2.6106,-3.8339,0.78833
-2.0168,-1.0464,4.5749,-0.53491,-0.53491,2.6752,-3.4709,1.5046
-1.9202,-1.0814,4.4651,-0.43268,-0.43268,2.7086,-3.7799,-0.063718
-1.8001,-1.1942,4.5679,-0.38998,-0.38998,2.9286,-4.9323,-0.64494
-1.8546,-1.1472,4.2792,-0.37429,-0.37429,2.7939,-5.0552,2.1665
-1.885,-1.1974,4.1836,-0.42833,-0.42833,2.623,-4.659,1.1634
-1.945,-1.2808,4.4586,-0.46979,-0.46979,2.7611,-3.4246,1.6827
-1.9688,-1.2747,4.2796,-0.46671,-0.46671,2.4051,-3.1349,2.019
-1.9217,-1.2476,4.3359,-0.45561,-0.45561,2.3586,-3.6178,1.4226
-1.9417,-1.3563,4.4404,-0.45837,-0.45837,2.4973,-4.2534,1.1905
-1.9777,-1.4565,4.9691,-0.48215,-0.48215,2.8327,-3.9628,0.37481
-1.9398,-1.2595,4.965,-0.36642,-0.36642,2.9134,-5.0574,0.33451
-1.9182,-1.2926,4.4079,-0.36513,-0.36513,2.7041,-5.5355,1.3378
-1.7557,-1.3072,4.8833,-0.26611,-0.26611,2.775,-4.9409,1.8787
-1.7729,-0.83383,3.4748,0.019099,0.019099,2.2934,-4.3175,2.3083
-1.7556,-0.94516,3.6399,-0.14298,-0.14298,2.8171,-5.6866,-2.1414
-2.4286,-0.54624,6.4837,0.32218,0.32218,5.7669,-5.1776,-1.4941
-2.6948,-0.72739,7.3613,0.27883,0.27883,5.9556,-5.0249,-0.22873
-2.8742,-0.69267,7.9241,-0.51103,-0.51103,5.8306,-5.1012,-0.41067
-3.1788,-0.65356,7.1352,-1.5063,-1.5063,5.7865,-4.8011,0.21726
-3.5544,-0.68689,7.5354,-1.9559,-1.9559,6.5688,-5.9666,-3.1103
-2.5868,-2.3408,6.3303,-2.2834,-2.2834,6.6412,-6.0403,-3.3363
-2.3853,-2.5066,7.0884,-2.5469,-2.5469,6.3315,-5.3268,-2.9485
-2.2556,-1.8212,5.5289,-2.3702,-2.3702,5.4525,-3.8673,-3.9448
-1.8561,-1.5306,3.7302,-1.7078,-1.7078,4.2464,-3.2716,-3.1828
-1.9792,-1.1405,2.5861,-1.0904,-1.0904,4.7762,-3.7266,-2.6746
-2.0108,-0.55959,2.3045,-0.83194,-0.83194,4.4922,-2.5545,-4.4996
-1.9649,-0.22673,2.044,-0.58508,-0.58508,3.8013,-2.191,-4.3837
-1.8486,0.17633,1.9247,-0.39339,-0.39339,2.9387,-2.3206,-5.1872
-1.7165,0.27782,1.7267,-0.36502,-0.36502,2.3004,-2.0033,-4.6309
-1.6274,0.28355,1.4888,-0.24016,-0.24016,1.8832,-3.1653,-1.7144
-1.579,0.30515,1.3573,-0.11261,-0.11261,1.6076,-3.3788,-1.4476
-1.5233,0.31185,1.3234,-0.051789,-0.051789,1.4606,-1.882,-1.0322
-1.5193,0.34499,1.502,0.0060759,0.0060759,1.5272,-2.1816,-1.3312
-1.5039,0.36355,1.4755,0.050691,0.050691,1.5497,-0.46024,-1.5268
-1.5109,0.36568,1.4792,0.10004,0.10004,1.5057,-1.1993,-1.6089
-1.4957,0.36534,1.5381,0.078927,0.078927,1.5339,-0.46976,-1.4868
-1.4784,0.34276,1.5601,0.039112,0.039112,1.5319,-1.2121,-1.7105
-1.4758,0.29636,1.3999,0.10273,0.10273,1.3577,-1.9975,-1.1252
-1.4673,0.29118,1.33,0.0408,0.0408,1.3105,-2.7547,-0.45337
-1.4418,0.30198,1.272,0.069503,0.069503,1.1575,-1.3888,-1.4868
-1.4888,0.32908,1.3148,0.082376,0.082376,1.0126,-0.83529,-0.80948
-1.4748,0.31344,1.3543,0.11133,0.11133,0.91918,-0.19512,-0.41757
-1.5162,0.40524,1.3936,0.076959,0.076959,0.89163,0.37881,-0.25074
-1.6103,0.43718,1.3881,0.077093,0.077093,1.1832,-2.636,1.0035
-1.6842,0.43918,1.6892,0.14976,0.14976,1.5434,-0.88808,2.0045
-1.6632,0.42491,1.6461,0.17027,0.17027,1.5277,-1.5518,1.7775
-1.6606,0.33952,1.3889,0.074082,0.074082,1.3518,-2.1187,1.1037
-1.6202,0.22124,1.2372,0.046674,0.046674,1.2699,-1.0411,1.2498
-1.6327,0.19077,1.1363,-0.015754,-0.015754,1.2322,-1.0684,1.4652
-1.6322,0.14408,1.1698,0.019891,0.019891,1.2191,-0.91934,1.1514
-1.629,0.11852,1.1901,0.021946,0.021946,1.2497,1.0381,1.6569
-1.599,0.11156,1.1914,0.033158,0.033158,1.2455,1.8227,1.147
-1.5932,0.091743,1.2138,0.056219,0.056219,1.2425,-2.4464,0.72002
-1.6077,0.1244,1.2226,0.084476,0.084476,1.1188,-1.9968,1.1131
-1.5883,0.23231,1.3371,0.14943,0.14943,1.085,-2.3564,1.3622
-1.5421,0.3742,1.5649,0.16126,0.16126,1.1839,-1.8464,1.3863
-1.5133,0.42002,1.4604,0.15072,0.15072,0.97455,-1.2004,0.93668
-1.4971,0.43084,1.3517,0.14287,0.14287,0.82908,-2.0922,-1.0708
-1.5064,0.46656,1.302,0.11512,0.11512,0.78579,-2.1722,-0.91766
-1.4747,0.48352,1.3188,0.089628,0.089628,0.72725,-1.161,1.5158
-1.4606,0.5034,1.3234,0.094836,0.094836,0.71337,-1.4745,1.532
-1.4859,0.55217,1.4022,0.13324,0.13324,0.75317,-0.44208,1.1464
-1.4683,0.48197,1.422,0.13166,0.13166,0.69142,-0.39739,0.73174
-1.4538,0.47652,1.4048,0.13247,0.13247,0.69023,-0.34013,1.2793
-1.4436,0.54088,1.4611,0.15092,0.15092,0.75001,-0.42644,-0.24348
-1.4064,0.57862,1.4527,0.12675,0.12675,0.71788,0.27764,-0.62637
-1.4148,0.59022,1.3931,0.11802,0.11802,0.74532,-0.20599,1.5928
-1.4455,0.58602,1.3546,0.089023,0.089023,0.77541,-1.1992,0.98842
-1.4456,0.61618,1.3224,0.1149,0.1149,0.75655,0.19918,0.55969
-1.4102,0.65484,1.2879,0.1119,0.1119,0.71218,-0.16977,0.17844
-1.3709,0.59395,1.2551,0.097813,0.097813,0.65383,-4.2505,0.91903
-1.3826,0.71789,1.538,0.11563,0.11563,0.77205,-4.3203,0.8428
-1.3858,0.72096,1.6656,0.13931,0.13931,0.76468,-4.2101,1.8033
-1.4302,0.71321,1.6736,0.14037,0.14037,0.76649,-3.6337,0.92923
-1.451,0.67568,1.7624,0.14315,0.14315,0.84367,-0.20063,1.481
-1.4581,0.75186,1.7996,0.18363,0.18363,0.89248,0.093394,0.76133
-1.4709,0.64725,1.5694,0.10848,0.10848,0.70589,0.63723,0.94576
-1.4809,0.68367,1.524,0.094525,0.094525,0.77898,0.15682,0.05934
-1.5204,0.70686,1.4048,0.073272,0.073272,0.79481,-0.57496,-0.72153
-1.5347,0.6718,1.3554,0.091456,0.091456,0.86585,0.34822,-0.58253
-1.5747,0.66148,1.2804,0.094704,0.094704,0.89531,-1.8338,0.9864
-1.5751,0.63817,1.2521,0.10794,0.10794,0.91872,-0.28546,-0.22603
-1.5644,0.53975,1.3051,0.11701,0.11701,0.81205,-0.57319,-0.71723
-1.5909,0.62859,1.4481,0.11788,0.11788,1.0347,-0.68721,-1.2284
-1.6041,0.65578,1.5563,0.16334,0.16334,1.0557,-0.63751,1.3079
-1.6157,0.68589,1.5426,0.14769,0.14769,1.0515,-0.12922,1.2434
-1.6347,0.70442,1.457,0.12569,0.12569,0.99981,0.97607,0.70786
-1.6801,0.71054,1.5277,0.18706,0.18706,0.96412,0.37196,1.4116
-1.6611,0.7056,1.4724,0.17811,0.17811,0.9906,-1.2863,1.3475
-1.6483,0.67166,1.5487,0.18475,0.18475,1.0068,-1.5779,1.6754
-1.6473,0.69734,1.5161,0.16384,0.16384,0.9955,-1.7494,1.157
-1.6447,0.69055,1.4913,0.16963,0.16963,1.0301,-2.1161,1.7573
-1.5911,0.7395,1.5085,0.2307,0.2307,0.98334,-2.7146,0.062362
-1.5961,0.75989,1.5338,0.227,0.227,0.93074,-3.2733,-0.65387
-1.6257,0.78602,1.5096,0.15556,0.15556,0.86683,-2.6713,0.38945
-1.6861,0.73732,1.55,0.1788,0.1788,0.91467,-2.8415,0.5267
-1.736,0.74291,1.515,0.17587,0.17587,0.92406,-1.8155,1.2012
-1.7395,0.64496,1.5062,0.16527,0.16527,0.83566,-2.7131,-0.29016
-1.7472,0.66302,1.5267,0.14147,0.14147,0.94525,-2.3057,-1.2965
-1.7749,0.72508,1.7646,0.24814,0.24814,1.078,-2.4813,-1.6044
-1.8074,0.72272,1.77,0.30293,0.30293,1.1368,-1.6867,-2.5122
-1.8201,0.773,1.6717,0.23207,0.23207,1.0464,1.69,-0.41588
-1.8478,0.7483,1.6387,0.2401,0.2401,1.0743,0.60967,-0.48609
-1.8477,0.67926,1.5614,0.24205,0.24205,0.99944,1.9729,-0.39211
-1.8057,0.61045,1.4849,0.2424,0.2424,0.91706,-3.4626,-0.094575
-1.7235,0.5636,1.4031,0.22988,0.22988,0.80092,-3.304,-0.34731
-1.666,0.58103,1.357,0.18765,0.18765,0.77109,-3.7402,0.23908
-1.6207,0.59748,1.3503,0.16693,0.16693,0.77663,-0.89097,-1.0218
-1.6009,0.59504,1.3584,0.1806,0.1806,0.74877,-0.79563,0.70612
-1.547,0.59677,1.368,0.18262,0.18262,0.77229,-0.70037,1.0185
-1.46,0.60112,1.3986,0.19928,0.19928,0.73455,-1.4742,1.5443
-1.4449,0.6239,1.3547,0.15897,0.15897,0.71127,-0.54624,1.2028
-1.4263,0.62857,1.3739,0.12683,0.12683,0.69321,-1.8722,1.2972
-1.4772,0.63382,1.3721,0.12492,0.12492,0.66786,-1.683,0.89331
-1.4689,0.68158,1.3863,0.1215,0.1215,0.75367,-2.5402,0.90105
-1.506,0.66801,1.4775,0.15244,0.15244,0.81065,-2.646,0.10628
-1.5207,0.64132,1.3996,0.14904,0.14904,0.69451,-2.7172,0.99656
-1.5047,0.6217,1.413,0.13688,0.13688,0.71188,-1.4381,-0.82989
-1.5046,0.76435,1.5318,0.1702,0.1702,0.85324,-1.6389,-1.2785
-1.5042,0.76272,1.6185,0.19373,0.19373,0.87751,0.11901,-0.189
-1.5491,0.7523,1.6018,0.20371,0.20371,0.89374,-0.35842,-1.2766
-1.5901,0.81221,1.798,0.23843,0.23843,0.99524,-0.14276,-1.0952
-1.5712,0.77994,1.6799,0.20916,0.20916,0.91519,-4.1107,-0.40289
-1.5427,0.76419,1.4424,0.17756,0.17756,0.80123,-2.5636,-0.56101
-1.491,0.79559,1.542,0.20293,0.20293,0.8969,-2.2895,-1.0826
-1.6074,0.92481,1.8533,0.22435,0.22435,1.4338,-2.5518,-1.5893
-1.5634,0.84595,1.7562,0.20297,0.20297,1.5936,-2.9896,-0.054908
-1.7639,0.79185,2.6978,0.23281,0.23281,2.2725,-3.2031,1.0897
-4.8727,-0.76859,0.40587,-0.95889,-0.95889,2.9792,-5.1355,-0.48241
-5.001,0.39303,1.6009,-0.7898,-0.7898,2.9682,-4.0017,-0.4363
-4.2407,-0.23739,2.2533,-0.86151,-0.86151,2.8478,-3.8706,-0.24733
-3.7457,-0.37076,1.0024,-0.56056,-0.56056,2.5426,-3.8901,-1.1816
-3.5625,-0.42854,0.88772,-0.5776,-0.5776,1.9163,-3.6193,-1.2051
-3.3165,-0.18023,0.82264,-0.41949,-0.41949,1.6095,-3.0957,-0.26086
-3.1382,-0.26607,1.2346,-0.33052,-0.33052,1.4828,-2.8798,0.094872
-2.7105,-0.24499,1.0813,-0.18758,-0.18758,1.1987,-2.699,0.61086
-2.4395,-0.26617,0.72315,-0.047584,-0.047584,1.1844,-1.074,1.9857
-2.391,-0.30239,0.88671,0.072493,0.072493,1.1057,-2.6461,0.45083
-2.3058,-0.15078,1.154,0.19901,0.19901,1.2465,-1.7975,0.52541
-2.255,0.036487,1.3259,0.33784,0.33784,1.4303,-2.1113,1.1375
-2.0767,0.18714,1.3755,0.35386,0.35386,1.2453,-0.34702,0.81252
-1.9239,0.27435,1.4422,0.36341,0.36341,1.1961,-0.44604,-1.0365
-1.7842,0.34575,1.4377,0.31155,0.31155,1.1005,-2.4148,0.9345
-1.6616,0.41228,1.5213,0.3175,0.3175,1.0538,-2.3475,-0.32832
-1.6186,0.48295,1.5781,0.32007,0.32007,1.1564,-1.598,1.4013
-1.5623,0.53531,1.5448,0.29307,0.29307,1.1075,-1.7666,0.816
-1.4817,0.56463,1.5784,0.25187,0.25187,1.0841,-2.5277,0.73943
-1.4137,0.60741,1.5558,0.21522,0.21522,1.0302,-1.7583,1.054
-1.3942,0.62063,1.5331,0.18963,0.18963,1.1207,-2.0844,1.2303
-1.397,0.61286,1.4393,0.13657,0.13657,1.1315,-2.5529,0.41595
-1.4263,0.59128,1.4175,0.14038,0.14038,1.1541,-2.9219,1.5128
-1.39,0.5546,1.4403,0.1175,0.1175,1.0839,-2.7001,-0.81628
-1.3966,0.53791,1.5137,0.13442,0.13442,1.0907,0.56731,1.0774
-1.3496,0.54046,1.5586,0.064769,0.064769,1.0636,0.24003,0.59946
-1.3144,0.52394,1.5856,0.097648,0.097648,1.0794,-0.80224,1.625
-1.3235,0.54808,1.5663,0.090139,0.090139,1.0898,-1.9171,0.94256
-1.3411,0.57072,1.5535,0.08865,0.08865,1.0777,-1.0009,1.5424
-1.3615,0.55833,1.5987,0.089447,0.089447,1.0953,-0.62596,1.6509
-1.3734,0.51998,1.4741,0.13469,0.13469,0.98493,-1.3864,-3.1984
-1.3127,0.58719,1.356,0.10565,0.10565,0.8657,-0.63853,-4.2247
-1.3073,0.62414,1.3364,0.10841,0.10841,0.80586,0.081374,-3.1713
-1.3097,0.63381,1.3599,0.12674,0.12674,0.77796,-1.2429,-1.9036
-1.2982,0.71874,1.3822,0.12908,0.12908,0.81236,-0.60927,-0.74593
-1.301,0.74074,1.3798,0.1136,0.1136,0.80136,-0.30876,-1.3191
-1.3036,0.6607,1.2913,0.065785,0.065785,0.70713,0.17222,0.66641
-1.304,0.68709,1.2817,0.086601,0.086601,0.66163,-0.81288,1.6136
-1.295,0.72865,1.3321,0.082713,0.082713,0.75789,-1.844,1.5021
-1.2933,0.69692,1.3859,0.061843,0.061843,0.79374,-0.73857,1.3862
-1.3103,0.65757,1.2796,0.074263,0.074263,0.74852,0.49415,0.082637
-1.2979,0.65877,1.3495,0.059769,0.059769,0.71227,-0.10135,0.51229
-1.2806,0.66716,1.305,0.070258,0.070258,0.71957,0.0028123,0.086679
-1.2904,0.65383,1.323,0.09953,0.09953,0.93242,0.36206,0.050469
-1.2862,0.46686,1.3606,0.041362,0.041362,0.99818,-0.66815,-1.1978
-1.2867,0.31866,1.3897,0.045584,0.045584,1.0539,-0.22728,-1.1165
-1.2691,0.12415,1.3353,-0.0029898,-0.0029898,1.103,-1.0518,-1.2036
-1.2346,-0.021469,1.2691,0.001221,0.001221,1.0341,-1.461,-1.0533
-1.2267,-0.16205,1.1738,-0.0078673,-0.0078673,0.98148,-0.73141,-0.34694
-1.2076,-0.2663,1.1541,-0.02778,-0.02778,0.94865,-0.18702,-1.0242
-1.2135,-0.32204,1.1275,0.014965,0.014965,1.0172,1.8026,0.36996
-1.2698,-0.41166,1.2662,0.027826,0.027826,1.0372,-1.8982,0.74425
-1.2659,-0.47969,1.4309,0.027388,0.027388,1.1139,-1.6155,-0.27872
-1.2687,-0.4818,1.4347,0.0154,0.0154,0.92461,-2.626,-0.70378
-1.2376,-0.53241,1.3935,0.0071689,0.0071689,0.89434,-0.86776,-1.4458
-1.2566,-0.53352,1.3237,-0.024925,-0.024925,0.85973,-4.3749,0.93617
-1.2292,-0.59461,1.3636,-0.011093,-0.011093,0.93057,-0.93495,-1.8723
-1.2174,-0.56222,1.3721,-0.01221,-0.01221,0.84336,-2.2081,0.2563
-1.1746,-0.54459,1.2039,-0.013858,-0.013858,0.69663,-2.5255,0.0526
-1.2084,-0.55617,1.1566,0.0098785,0.0098785,0.68288,-1.3239,-0.7678
-1.1987,-0.54772,1.1352,0.00084176,0.00084176,0.69619,-2.1709,-0.93235
-1.193,-0.60705,1.1904,0.0032584,0.0032584,0.78091,-2.7219,0.11874
-1.2004,-0.67907,1.2113,-0.0013841,-0.0013841,0.85294,-2.9435,0.4378
-1.2129,-0.69527,1.291,0.0097191,0.0097191,0.87583,0.13322,0.65737
-1.2105,-0.6454,1.2801,0.024582,0.024582,0.73262,-0.098265,0.39842
-1.2127,-0.66075,1.2645,0.033378,0.033378,0.7136,-0.2795,-0.32683
-1.2376,-0.67657,1.2798,0.026421,0.026421,0.72601,0.29506,-0.55631
-1.2218,-0.65281,1.3201,0.0089278,0.0089278,0.73146,-0.25176,-0.1107
-1.2488,-0.62664,1.1792,0.03176,0.03176,0.64376,-0.87476,-0.48985
-1.2357,-0.66192,1.2523,0.0057607,0.0057607,0.69768,-2.1019,-0.82556
-1.2856,-0.6198,1.4195,-0.0043579,-0.0043579,0.80599,-1.4477,-1.0598
-1.2675,-0.59797,1.2793,0.0065562,0.0065562,0.84331,-4.2399,0.37822
-1.3328,-0.54227,1.3814,0.0080883,0.0080883,0.88381,-1.7956,0.62104
-1.3186,-0.5144,1.4883,-0.0099302,-0.0099302,0.91619,-2.232,0.63696
-1.3595,-0.54138,1.5685,-0.00013543,-0.00013543,1.079,-2.0534,0.13935
-1.4184,-0.54915,1.6106,0.0030636,0.0030636,1.118,-2.8836,0.36328
-1.4036,-0.56471,1.616,-0.0034289,-0.0034289,1.1007,-2.9552,-0.14104
-1.3727,-0.48435,1.534,-0.023596,-0.023596,0.98707,-2.6704,-0.59841
-1.3597,-0.53393,1.4447,-0.035033,-0.035033,0.89479,-2.5098,0.48304
-1.2799,-0.5504,1.2757,-0.027016,-0.027016,0.71171,-2.1409,0.50649
-1.2868,-0.5654,1.1614,-0.025535,-0.025535,0.6891,-1.8018,-0.62488
-1.263,-0.5871,1.1412,-0.028527,-0.028527,0.79017,-4.4065,0.89612
-1.2841,-0.63656,1.2052,-0.02626,-0.02626,0.89896,-3.7795,-0.3472
-1.2679,-0.58414,1.2464,-0.033489,-0.033489,0.80791,-0.81764,-1.4393
-1.2961,-0.59855,1.3275,-0.046417,-0.046417,0.7924,-1.0058,-0.65533
-1.3134,-0.6401,1.3297,-0.023508,-0.023508,0.77973,-2.4352,-0.86524
-1.3135,-0.63853,1.4173,-0.033781,-0.033781,0.76588,-2.0889,-0.77177
-1.3084,-0.65712,1.4493,-0.025057,-0.025057,0.72952,-2.3836,-0.92092
-1.2682,-0.65709,1.3885,-0.028165,-0.028165,0.69675,-1.9518,-1.3727
-1.23,-0.66826,1.2814,-0.0090852,-0.0090852,0.6891,-2.5884,-0.26761
-1.2178,-0.68749,1.253,0.031837,0.031837,0.66978,-2.3053,-0.57258
-1.2364,-0.67554,1.2745,0.017771,0.017771,0.6686,-2.9454,-0.29545
-1.267,-0.68259,1.2896,-0.018394,-0.018394,0.65127,-3.5519,0.22991
-1.2675,-0.7034,1.2823,-0.032849,-0.032849,0.63828,-2.2009,0.03597
-1.2476,-0.7284,1.3104,-0.0021298,-0.0021298,0.60845,-1.5107,-1.3523
-1.273,-0.71954,1.2585,-0.0011403,-0.0011403,0.62651,-1.4265,-0.97974
-1.2834,-0.66754,1.1224,-0.0021283,-0.0021283,0.5938,-1.5566,-1.141
-1.2456,-0.68805,1.2267,0.0038335,0.0038335,0.65828,-1.4226,-1.0997
-1.2606,-0.67782,1.2519,0.0049915,0.0049915,0.67704,-1.7298,-1.0082
-1.2596,-0.63295,1.1288,-0.00058183,-0.00058183,0.61354,-2.1914,-0.44412
-1.2273,-0.59532,1.064,0.0057963,0.0057963,0.64116,-2.0562,-0.69273
-1.209,-0.60052,1.0992,0.023662,0.023662,0.66026,-2.8466,0.041139
-1.2301,-0.65669,1.2139,0.016121,0.016121,0.73101,-2.714,0.17418
-1.2356,-0.61263,1.1459,0.021778,0.021778,0.65123,-2.6357,-0.088915
-1.2459,-0.65839,1.2242,0.022845,0.022845,0.6905,-2.1681,-0.32365
-1.2257,-0.67006,1.3218,0.012736,0.012736,0.70279,-1.9659,1.0678
-1.23,-0.6219,1.1976,0.02615,0.02615,0.62018,-2.3133,1.3776
-1.2237,-0.6503,1.2694,0.0052698,0.0052698,0.7022,-2.0532,0.90013
-1.1983,-0.68046,1.2953,0.0030429,0.0030429,0.6637,-1.9196,-0.84415
-1.2046,-0.67611,1.2893,-0.0064075,-0.0064075,0.70361,-1.2768,1.0201
-1.2081,-0.64439,1.1453,0.00066472,0.00066472,0.59659,-2.325,-1.0529
-1.1828,-0.66828,1.1932,0.011233,0.011233,0.6696,-1.2145,-1.2087
-1.1866,-0.67034,1.2862,0.044597,0.044597,0.6794,-1.5625,-1.4408
-1.1737,-0.68383,1.2557,0.034724,0.034724,0.67697,-1.4617,-1.2038
-1.2177,-0.67652,1.3268,0.017599,0.017599,0.67928,-1.1564,-0.78982
-1.2406,-0.69494,1.3902,0.0069254,0.0069254,0.67861,-1.6978,-1.0788
-1.2831,-0.6887,1.3974,0.012913,0.012913,0.70654,-3.3506,-0.62043
-1.2922,-0.67025,1.4532,0.00446,0.00446,0.71033,-3.5211,-0.095503
-1.2718,-0.66117,1.4125,0.0070067,0.0070067,0.70306,-4.0849,0.15007
-1.2522,-0.66306,1.409,0.00052707,0.00052707,0.71069,-0.19014,-0.091976
-1.2845,-0.74284,1.4475,0.016844,0.016844,0.81493,-1.6895,-0.76723
-1.2792,-0.68038,1.3754,0.0011843,0.0011843,1.0178,-0.21691,1.1459
-1.2965,-0.57422,1.48,0.041035,0.041035,1.2115,-0.17259,0.89584
-1.3557,-0.39707,1.5548,0.093265,0.093265,1.4398,-1.183,1.496
-1.3533,-0.2866,1.5669,0.053925,0.053925,1.4422,-0.31757,0.92195
-1.3175,-0.25193,1.5335,0.013994,0.013994,1.4564,0.046829,1.1334
-1.2989,-0.27444,1.2339,0.037523,0.037523,1.2709,-1.0456,2.6211
-1.2631,-0.22,1.1156,0.038022,0.038022,1.1795,0.15229,0.043372
-1.2663,-0.17376,1.0447,0.028959,0.028959,1.0842,-0.10022,-0.86836
-1.2572,-0.1784,1.0012,0.00043034,0.00043034,1.0861,0.051255,-0.56702
-1.294,-0.15679,1.159,0.022984,0.022984,1.2696,-0.81209,-1.3287
-1.2944,-0.13686,1.3068,0.044945,0.044945,1.4125,-0.26247,-1.1512
-1.2371,-0.049698,1.2166,0.067454,0.067454,1.2837,-1.8338,-1.207
-1.2991,-0.023834,1.3184,0.086253,0.086253,1.3872,-2.0061,-0.42461
-1.2981,0.028141,1.437,0.097502,0.097502,1.4434,-0.26471,1.2282
-1.2765,0.076227,1.4649,0.067686,0.067686,1.4752,-2.1075,-0.87141
-1.3022,0.1698,1.4594,0.065345,0.065345,1.3675,-1.7463,-1.6283
-1.2982,0.22289,1.5224,0.067389,0.067389,1.487,-0.60041,-0.84644
-1.2754,0.24069,1.3699,0.077628,0.077628,1.2585,-1.4764,-0.52478
-1.2379,0.29645,1.3458,0.062879,0.062879,1.2177,-0.86682,-0.61412
-1.2513,0.35462,1.3231,0.062941,0.062941,1.2276,-1.6019,-1.3487
-1.2905,0.38763,1.2264,0.012984,0.012984,1.1634,-1.617,-1.1916
-1.2729,0.3663,1.2586,-0.0074031,-0.0074031,1.2117,-1.403,-0.79814
-1.2775,0.32731,1.0411,-0.0015774,-0.0015774,1.0648,-0.2972,-1.2222
-1.2518,0.20276,0.97989,0.010325,0.010325,1.0095,-0.33716,-0.30053
-1.2636,0.02973,1.1572,0.027391,0.027391,1.1804,-1.4735,-1.0801
-1.284,-0.0098195,0.98243,0.052006,0.052006,1.1445,-0.39027,0.1752
-1.263,0.044149,1.1146,0.0061058,0.0061058,1.2514,-1.8269,-1.4409
-1.2724,-0.061994,1.2789,0.055245,0.055245,1.2982,-2.1371,-0.4669
-1.3028,-0.2026,1.1773,0.025916,0.025916,1.1403,-1.9782,0.70204
-1.2768,-0.24868,1.1463,0.013657,0.013657,1.0723,-2.1463,0.41392
-1.2735,-0.36157,1.2195,-0.0017923,-0.0017923,1.1186,-2.0088,1.1992
-1.2822,-0.43382,1.2527,-0.020814,-0.020814,1.2068,-1.769,1.1953
-1.2823,-0.50751,1.2152,-0.012856,-0.012856,1.1066,-2.5994,0.23798
-1.3063,-0.56254,1.2796,-0.0052272,-0.0052272,1.0297,-2.2252,-0.15264
-1.3478,-0.62546,1.3165,0.0047383,0.0047383,1.1053,-2.7688,-0.18937
-1.368,-0.6103,1.1952,-0.0075713,-0.0075713,1.0242,-3.6198,-0.82918
-1.3194,-0.56071,1.0794,0.007668,0.007668,0.89227,-4.091,0.20635
-1.3126,-0.60912,1.2076,0.01393,0.01393,0.98829,-1.7496,1.2227
-1.3579,-0.61583,1.2666,0.012007,0.012007,0.83409,-2.3413,0.99017
-1.4265,-0.7222,1.3135,-0.0050655,-0.0050655,0.85102,-2.2283,1.0294
-1.4445,-0.64509,1.1437,-0.017586,-0.017586,0.69985,-3.7044,0.19463
-1.4516,-0.71004,1.3074,-0.027428,-0.027428,0.81784,-3.7702,-0.80417
-1.4093,-0.73582,1.3175,-0.030916,-0.030916,0.82659,-3.5179,-1.1008
-1.4075,-0.68603,1.2697,-0.032686,-0.032686,0.73736,-3.8612,0.51648
-1.4019,-0.6919,1.2855,-0.062837,-0.062837,0.70892,-4.0423,0.10334
-1.3816,-0.69857,1.3103,-0.033938,-0.033938,0.68027,-2.0984,-2.7266
-1.3751,-0.68422,1.354,-0.021919,-0.021919,0.68647,-1.083,-1.7725
-1.3547,-0.70172,1.3087,-0.048282,-0.048282,0.6568,-0.17156,-0.42354
-1.3453,-0.67127,1.2087,-0.023673,-0.023673,0.58754,-0.21848,-0.061564
-1.3287,-0.65805,1.1748,-0.026012,-0.026012,0.58247,-1.0507,-0.86747
-1.3305,-0.69246,1.2367,-0.021485,-0.021485,0.65465,-0.23928,-0.27583
-1.3569,-0.73819,1.2804,-0.014484,-0.014484,0.64223,0.068872,1.0487
-1.3585,-0.68542,1.1955,-0.019286,-0.019286,0.58952,-2.1617,-0.95583
-1.335,-0.68608,1.1314,-0.023387,-0.023387,0.56836,-2.4373,-1.1304
-1.3405,-0.68929,1.0719,-0.012495,-0.012495,0.57526,-2.1958,0.96796
-1.3398,-0.74073,1.1703,-0.016834,-0.016834,0.60506,-3.1707,3.138
-1.3528,-0.74593,1.2086,-0.023791,-0.023791,0.63654,-3.5842,3.3758
-1.3591,-0.69724,1.1646,-0.020154,-0.020154,0.57474,-0.58329,-1.4327
-1.3167,-0.71711,1.2247,0.0028961,0.0028961,0.66845,0.1688,-0.11829
-1.342,-0.70991,1.2884,-0.021038,-0.021038,0.68233,0.21793,-0.73439
-1.3654,-0.70656,1.3211,0.0017809,0.0017809,0.65292,-1.3686,-1.5185
-1.3386,-0.69445,1.1801,-0.005314,-0.005314,0.55142,-1.099,-1.0785
-1.3396,-0.70397,1.2295,-0.010875,-0.010875,0.64161,-3.9645,-0.17029
-1.3148,-0.63594,1.1084,0.00020378,0.00020378,0.62439,-0.45296,-0.77442
-1.3044,-0.62547,1.1104,0.0037918,0.0037918,0.61609,-0.31988,-1.0812
-1.2756,-0.63829,1.0958,-0.011097,-0.011097,0.60134,-1.0031,-1.2951
-1.2843,-0.60575,1.1121,-0.02322,-0.02322,0.61977,-0.11114,-0.44303
-1.2633,-0.59449,1.1316,-0.008324,-0.008324,0.64902,-0.34791,-0.93
-1.2795,-0.6585,1.2842,-0.0051728,-0.0051728,0.67126,0.47788,-0.22612
-1.2874,-0.68265,1.3353,-0.012332,-0.012332,0.67944,-1.5683,-1.0452
-1.2942,-0.61599,1.2644,-0.010807,-0.010807,0.6188,-2.4646,-0.68727
-1.294,-0.6046,1.1814,-0.023833,-0.023833,0.63093,-2.3584,-0.44942
-1.2839,-0.65026,1.1009,-0.00026076,-0.00026076,0.62492,-2.2378,-0.52132
-1.3476,-0.63373,1.0975,-0.0056006,-0.0056006,0.66405,-1.8938,-0.58472
-1.347,-0.62557,1.1309,-0.022196,-0.022196,0.62811,-2.4824,0.82125
-1.3032,-0.62787,1.0839,-0.0129,-0.0129,0.6253,-0.6988,0.57254
-1.2855,-0.59997,1.1142,-0.0064571,-0.0064571,0.62282,-0.98253,1.1587
-1.2737,-0.61113,1.1038,0.004939,0.004939,0.64082,-0.57846,1.58
-1.2629,-0.6149,1.0733,0.018476,0.018476,0.61265,0.41916,-0.87466
-1.2767,-0.59955,1.0994,0.016252,0.016252,0.62601,0.050233,-0.17519
-1.2881,-0.58741,1.1482,-0.013373,-0.013373,0.62944,-0.48026,0.044638
-1.2722,-0.59424,1.1178,-0.0098649,-0.0098649,0.63832,-0.080756,0.89674
-1.3105,-0.65594,1.094,-0.0031214,-0.0031214,0.7147,-2.8259,-1.2739
-1.3134,-0.59747,1.0741,0.035398,0.035398,0.83981,-0.6669,0.82623
-1.3161,-0.52279,1.0527,0.018695,0.018695,0.72814,-2.3799,0.69343
-1.3158,-0.48281,1.0421,0.010092,0.010092,0.64145,-2.3159,1.1951
-1.3271,-0.49079,1.1112,-0.0010949,-0.0010949,0.61753,-1.4945,0.42268
-1.3129,-0.55037,1.1571,0.0027049,0.0027049,0.65592,-1.5419,-0.087672
-1.3361,-0.55302,1.1294,0.0010334,0.0010334,0.6889,-0.30075,0.24433
-1.3658,-0.57491,1.1013,-0.0080506,-0.0080506,0.68701,-2.3073,-0.86353
-1.3981,-0.61458,1.1221,-0.012611,-0.012611,0.66616,-2.3737,-0.78645
-1.3848,-0.62242,1.1246,0.0045806,0.0045806,0.64616,-2.3525,-0.94256
-1.4327,-0.63055,1.1167,-0.0012865,-0.0012865,0.65171,-2.6682,-0.8972
-1.4298,-0.63699,1.0504,-0.046514,-0.046514,0.65767,-2.0551,-0.30653
-1.4576,-0.65431,1.0499,-0.082096,-0.082096,0.64935,-3.0088,0.024478
-1.497,-0.65574,1.0835,-0.047728,-0.047728,0.65513,-0.33763,-0.11981
-1.4214,-0.62211,1.0913,-0.052851,-0.052851,0.59988,-0.27868,-0.46153
-1.4001,-0.60011,1.1153,-0.070522,-0.070522,0.64815,-0.37318,-0.58746
-1.393,-0.63518,1.3085,-0.093136,-0.093136,0.75988,0.056843,1.1558
-1.4009,-0.65819,1.3772,-0.06091,-0.06091,0.76179,0.083783,0.33802
-1.4035,-0.67833,1.4326,-0.061057,-0.061057,0.72928,-0.40657,0.25397
-1.4302,-0.6168,1.4976,-0.10042,-0.10042,0.82094,-3.3668,-0.33462
-1.4361,-0.60773,1.5853,-0.089954,-0.089954,0.83398,-2.0736,0.2364
-1.4023,-0.63764,1.5125,-0.09591,-0.09591,0.73717,-4.187,1.0998
-1.3536,-0.61358,1.3215,-0.078662,-0.078662,0.63441,-4.2698,1.4267
-1.3398,-0.56993,1.2367,-0.067092,-0.067092,0.68589,-3.9802,1.9588
-1.2939,-0.56302,1.1798,-0.044257,-0.044257,0.69616,-3.2719,1.8983
-1.3003,-0.59274,1.3406,-0.03041,-0.03041,0.82761,-3.0904,1.4195
-1.3471,-0.68714,1.6837,-0.019559,-0.019559,1.0715,-3.4619,1.3124
-1.3795,-0.49951,1.4574,0.011105,0.011105,0.84824,-3.145,1.3697
