NaN,NaN,NaN,NaN,NaN,NaN,NaN,NaN
0,0,0,0,0,0,0,0
-0.072952,0.75198,12.945,0.03928,0.03928,12.401,-2.4022,0.86825
0.88594,0.81025,10.801,-0.35288,-0.35288,10.703,4.5359,0.90518
1.6231,0.80503,8.3135,-0.44346,-0.44346,9.4662,4.5654,1.1992
2.1074,0.68502,6.0536,-0.23607,-0.23607,8.3387,-2.0306,0.53012
2.4312,0.66204,4.7168,-0.19423,-0.19423,7.5232,4.0711,2.1418
2.7222,0.65681,3.901,-0.044882,-0.044882,7.1765,4.4357,1.623
2.93,0.6674,3.2484,-0.029749,-0.029749,6.7617,4.4202,2.242
2.9682,0.71909,2.8315,0.019081,0.019081,6.1929,4.334,3.4972
3.0412,0.68853,2.5392,0.018502,0.018502,5.9286,4.2435,0.75099
3.0153,0.71543,2.3384,0.005033,0.005033,5.5998,3.9492,1.6947
2.9651,0.72945,2.2365,-0.00038135,-0.00038135,5.4039,3.9328,1.8751
3.0266,0.72344,2.1545,0.0073532,0.0073532,5.3835,0.79563,5.8714
2.9921,0.78329,2.0811,-0.11667,-0.11667,5.2372,3.9455,1.4698
3.0775,0.78191,2.0705,-0.078279,-0.078279,5.3288,4.2117,0.48084
3.1207,0.74409,2.0697,-0.098459,-0.098459,5.3215,4.202,0.16466
3.0525,0.79296,2.0192,-0.081059,-0.081059,5.2998,-0.07195,5.7652
3.1417,0.8483,2.0737,-0.041399,-0.041399,5.5008,4.2507,1.3271
3.1215,0.89524,2.1262,-0.13803,-0.13803,5.4147,3.5489,2.8056
3.107,0.95999,2.1468,-0.15754,-0.15754,5.3435,3.3786,2.9274
3.1963,1.1126,2.2333,-0.23911,-0.23911,5.4702,4.5915,1.8426
3.1543,1.1987,2.2164,-0.32585,-0.32585,5.5038,3.1518,3.5082
3.1213,1.3722,2.2463,-0.46399,-0.46399,5.5591,2.8143,4.0458
3.1536,1.5357,2.276,-0.58013,-0.58013,5.4826,3.0958,3.715
3.2401,1.641,2.1907,-0.6158,-0.6158,5.4605,4.9048,4.1882
3.2364,1.6106,2.0557,-0.57236,-0.57236,5.3022,4.2496,1.9529
3.2623,1.6023,1.9835,-0.56649,-0.56649,4.9834,4.141,2.2523
3.2715,1.5827,1.9563,-0.54883,-0.54883,4.8563,4.3688,1.4664
3.2195,1.5674,1.9483,-0.53449,-0.53449,4.683,0.33928,2.5499
3.2098,1.5586,1.9689,-0.54502,-0.54502,4.6535,3.8308,2.6574
3.2196,1.583,2.0547,-0.58601,-0.58601,4.6844,3.7364,3.1451
3.2192,1.6058,2.0814,-0.6384,-0.6384,4.6535,3.3963,3.3381
3.2342,1.6512,2.1166,-0.62338,-0.62338,4.6725,-1.9676,3.6868
3.279,1.6082,2.0498,-0.58839,-0.58839,4.6622,4.3203,1.8063
3.2572,1.6289,2.045,-0.60426,-0.60426,4.6714,3.8415,2.9431
3.2554,1.6466,2.0801,-0.62801,-0.62801,4.7067,3.7385,3.1412
3.1919,1.6658,2.0254,-0.64955,-0.64955,4.5902,3.5354,2.8522
3.2794,1.6662,2.0749,-0.68199,-0.68199,4.7902,4.264,2.2236
3.3211,1.6757,2.0468,-0.68423,-0.68423,4.8752,4.1176,2.5897
3.2667,1.6891,2.0246,-0.68758,-0.68758,4.797,3.9937,2.541
3.2291,1.7207,2.0505,-0.6671,-0.6671,4.6578,3.2776,2.9172
3.2342,1.7181,2.1705,-0.59496,-0.59496,4.6655,3.926,2.828
3.1788,1.7174,2.0764,-0.5916,-0.5916,4.6714,3.6405,2.9172
3.129,1.6911,2.0812,-0.58823,-0.58823,4.6271,3.555,3.1805
3.1517,1.7036,2.1203,-0.62917,-0.62917,4.7118,4.0625,2.1565
3.1634,1.7328,2.1182,-0.63082,-0.63082,4.7155,1.3959,2.8816
3.1598,1.7694,2.1474,-0.72066,-0.72066,4.617,3.6959,2.9734
3.2497,1.8303,2.1516,-0.79613,-0.79613,4.6873,3.9907,2.8872
3.3125,1.9423,2.1625,-0.83881,-0.83881,4.8411,4.0948,2.7974
3.4285,1.9949,2.2506,-0.92808,-0.92808,4.922,3.8635,1.1746
3.3773,2.0703,2.3252,-0.95717,-0.95717,4.7518,3.678,3.5099
3.3264,2.0802,2.2687,-0.92195,-0.92195,4.5983,3.851,3.3213
3.3451,2.0312,2.1504,-0.87406,-0.87406,4.6314,4.427,1.7993
3.3406,2.0414,2.2488,-0.86087,-0.86087,4.5771,3.5656,2.7414
3.2626,2.0734,2.1934,-0.90359,-0.90359,4.4223,3.4308,3.5601
3.2026,2.0595,2.1708,-0.93253,-0.93253,4.3469,3.9283,2.6228
3.1161,2.014,2.1033,-0.87338,-0.87338,4.3027,3.9946,2.3684
3.1168,2.0086,2.1638,-0.87895,-0.87895,4.3944,6.1614,0.10251
3.08,1.9924,2.1594,-0.90021,-0.90021,4.3768,3.6639,2.9613
3.1015,2.0269,2.2725,-0.8249,-0.8249,4.3829,3.6961,3.2102
3.0501,2.0113,2.1845,-0.80017,-0.80017,4.3271,3.4989,3.3264
3.0479,2.039,2.174,-0.82737,-0.82737,4.3803,5.4694,-0.62163
3.0444,2.0365,2.153,-0.77631,-0.77631,4.3882,3.6952,2.9743
3.025,2.0038,2.1316,-0.73757,-0.73757,4.2994,3.6938,2.7684
3.0471,2.016,2.2423,-0.66932,-0.66932,4.4117,4.1646,2.6334
3.0788,2.0067,2.3284,-0.62324,-0.62324,4.4659,3.9928,1.9213
3.0627,1.9526,2.3353,-0.58708,-0.58708,4.4857,3.6075,-0.54472
3.0048,1.8879,2.2274,-0.60084,-0.60084,4.4193,3.8157,2.574
3.0434,1.8807,2.2884,-0.53129,-0.53129,4.4096,3.8554,2.5508
3.0863,1.8818,2.3329,-0.4894,-0.4894,4.5061,4.1414,2.269
3.0202,1.8248,2.1855,-0.55065,-0.55065,4.3698,3.8053,2.7039
2.9816,1.7628,2.1128,-0.54911,-0.54911,4.3169,3.4706,0.11251
2.9143,1.7246,2.0203,-0.51351,-0.51351,4.1507,3.7153,1.9463
2.9258,1.6998,2.0549,-0.49466,-0.49466,4.1695,3.9335,2.2102
2.9282,1.6469,2.0588,-0.46457,-0.46457,4.0652,3.6085,2.3556
2.9549,1.6659,2.0939,-0.49034,-0.49034,4.1855,3.8706,2.0998
2.9436,1.6408,2.0669,-0.47533,-0.47533,4.1954,5.7873,2.5595
2.9245,1.629,2.0613,-0.42877,-0.42877,4.2247,3.8614,2.2877
2.9162,1.6156,2.0731,-0.45395,-0.45395,4.2127,3.8796,2.3038
3.0154,1.5705,2.0813,-0.42701,-0.42701,4.2668,4.2968,1.0504
3.0885,1.514,2.0702,-0.38673,-0.38673,4.3696,4.2411,2.1901
3.0366,1.4867,2.0818,-0.37585,-0.37585,4.3045,3.8187,2.2847
3.0979,1.4277,2.0852,-0.35195,-0.35195,4.4319,4.2617,1.6994
3.1565,1.3896,2.1024,-0.36527,-0.36527,4.4629,4.2689,1.8213
3.0795,1.3729,2.0638,-0.35881,-0.35881,4.3321,3.5804,2.588
3.0347,1.3861,2.0047,-0.30692,-0.30692,4.3013,3.1058,3.9373
3.0181,1.3815,2.0165,-0.25981,-0.25981,4.237,3.8846,2.0805
3.0191,1.4015,2.0086,-0.24247,-0.24247,4.2113,3.8537,2.0856
2.9968,1.3913,2.0455,-0.25127,-0.25127,4.2141,3.8779,2.0658
3,1.4154,2.0346,-0.28955,-0.28955,4.2084,3.8058,2.1995
3.003,1.4247,2.0574,-0.2695,-0.2695,4.1884,-1.342,1.7947
2.991,1.4357,2.0368,-0.28668,-0.28668,4.1361,3.8413,2.3409
3.0035,1.4719,2.0394,-0.32284,-0.32284,4.1855,3.8571,2.4072
2.9683,1.4807,2.0409,-0.31808,-0.31808,4.1742,3.7382,2.153
3.0384,1.4511,2.0458,-0.3318,-0.3318,4.1426,4.1367,2.068
3.1844,1.4072,2.1461,-0.33676,-0.33676,4.2635,-0.1308,2.9232
3.1437,1.3876,2.0844,-0.34267,-0.34267,4.1765,4.171,1.7033
3.1488,1.3675,1.9819,-0.29069,-0.29069,4.1602,4.172,1.3176
3.2509,1.3166,2.0625,-0.28917,-0.28917,4.1698,4.4226,1.7343
3.2934,1.2713,2.0846,-0.31121,-0.31121,4.1957,3.0029,-0.38006
3.373,1.2333,2.0694,-0.24084,-0.24084,4.1004,4.5768,0.97927
3.4739,1.2244,2.1525,-0.2116,-0.2116,4.2527,4.8543,1.6671
3.3773,1.1998,1.9729,-0.21767,-0.21767,4.1772,4.0413,2.0927
3.5108,1.1683,2.1344,-0.27302,-0.27302,4.4035,4.5357,1.9559
3.5098,1.1963,2.0784,-0.23444,-0.23444,4.4679,2.8933,-2.6593
3.4425,1.2147,2.0374,-0.14684,-0.14684,4.4383,4.3314,1.8152
3.2757,1.2415,2.1622,-0.010877,-0.010877,4.26,3.6243,1.7524
3.105,1.2349,2.2018,0.058868,0.058868,4.1641,3.6122,0.5894
3.0818,1.1952,2.2588,0.090076,0.090076,4.1959,3.9306,1.4487
3.0584,1.117,2.1226,-0.014803,-0.014803,4.1056,4.1592,-1.4865
3.1297,1.1115,2.2054,0.0095624,0.0095624,4.1705,4.3275,1.8037
3.211,1.0676,2.1803,-0.025922,-0.025922,4.2334,4.6017,0.6928
3.2944,1.0149,2.1151,-0.076659,-0.076659,4.2592,4.498,1.3917
3.2623,1.0555,2.2909,0.0044245,0.0044245,4.1588,3.725,0.56861
3.1676,1.052,2.0358,-0.026181,-0.026181,4.0887,5.3607,-0.86083
2.9998,1.2322,2.2456,-0.16118,-0.16118,4.3171,0.91259,4.6164
3.0567,1.4803,2.2901,-0.31278,-0.31278,5.0028,1.0234,5.4389
2.803,1.6406,2.5076,-0.49907,-0.49907,5.2906,0.25965,5.1855
2.9396,1.6223,2.6202,-0.67457,-0.67457,5.5659,0.094589,4.3929
3.1953,1.86,2.9924,-0.71754,-0.71754,6.4235,4.8872,1.3569
2.8847,2.0939,3.2398,-0.87438,-0.87438,5.4596,1.219,4.7004
3.0904,2.2677,3.2445,-0.9475,-0.9475,5.7341,3.7069,4.0538
3.4582,2.5201,4.0685,-1.2314,-1.2314,6.2507,5.5703,3.2979
3.2678,2.7078,3.5427,-1.5067,-1.5067,5.8732,-0.28222,2.1554
3.0685,3.1035,3.6984,-1.6875,-1.6875,5.4024,1.2817,5.8339
3.2772,3.3487,4.3427,-1.7374,-1.7374,5.9153,5.1678,4.8542
3.0949,3.4445,4.4019,-1.7372,-1.7372,5.2166,2.3837,5.263
2.6378,3.4556,4.1873,-1.5265,-1.5265,4.2164,2.3421,5.8773
2.6816,3.7207,4.2284,-1.4644,-1.4644,4.682,1.306,6.4037
2.8741,4.0391,4.2515,-1.814,-1.814,4.6946,3.5118,5.3413
2.5407,4.105,4.5217,-1.7692,-1.7692,4.3545,0.89022,5.8383
2.2675,3.9942,4.6639,-1.7589,-1.7589,3.7376,2.2962,3.6314
2.0164,3.8083,4.4504,-1.5906,-1.5906,3.2835,1.1571,4.8006
1.7518,3.6171,4.2595,-1.3834,-1.3834,2.9049,0.6648,4.6123
1.5356,3.5322,4.1669,-1.2071,-1.2071,2.6923,0.65154,4.552
1.2925,3.435,3.9228,-1.0103,-1.0103,2.4549,2.8559,4.6943
1.0793,3.6288,4.1633,-0.96394,-0.96394,2.5876,-0.47251,4.9652
0.89397,3.7053,4.2528,-0.87879,-0.87879,2.5735,-0.33184,4.944
0.75156,3.7406,4.268,-0.80819,-0.80819,2.5212,-0.61142,4.8348
0.69135,3.8282,4.2861,-0.75942,-0.75942,2.4722,1.724,4.5779
0.77085,3.6948,4.1368,-0.81988,-0.81988,2.4368,1.3147,4.388
0.85655,3.7339,4.0914,-0.82137,-0.82137,2.4215,1.6065,4.6036
0.91618,3.7784,4.1154,-0.83784,-0.83784,2.4534,0.66247,4.9662
0.97249,3.8321,4.1739,-0.8652,-0.8652,2.4678,-0.5784,6.2383
1.0193,3.8801,4.2428,-0.93898,-0.93898,2.4383,1.0676,4.8904
1.0145,3.9787,4.377,-0.87612,-0.87612,2.4492,0.87407,5.1722
1.0498,4.0651,4.428,-0.88855,-0.88855,2.424,0.82582,5.4324
0.99932,3.9444,4.2475,-0.825,-0.825,2.2546,0.63664,7.432
0.99916,3.9501,4.2057,-0.86109,-0.86109,2.2527,1.1105,4.85
1.0824,3.997,4.2844,-0.90236,-0.90236,2.3385,1.6343,5.0121
1.0315,3.8988,4.1636,-0.8209,-0.8209,2.3049,1.6818,4.5254
1.0123,3.9035,4.2387,-0.86657,-0.86657,2.2803,1.2972,5.094
0.97545,3.8473,4.1865,-0.83946,-0.83946,2.2629,0.57169,4.7965
1.1222,3.9753,4.2966,-0.9581,-0.9581,2.4021,2.1064,4.8523
1.0853,4.038,4.3311,-0.91141,-0.91141,2.3127,1.3518,5.0981
1.075,4.1496,4.4086,-0.95942,-0.95942,2.3837,-0.67433,4.9535
1.0308,4.2758,4.4975,-0.93055,-0.93055,2.4201,0.37848,5.6335
0.99809,4.3925,4.6975,-0.92619,-0.92619,2.3044,0.49443,5.4014
1.0459,4.2812,4.6114,-1.0019,-1.0019,2.2189,1.6028,4.8996
1.1666,4.2277,4.5653,-0.85902,-0.85902,2.309,-0.1871,5.2073
1.1108,4.0953,4.3682,-0.79971,-0.79971,2.1035,1.1048,4.9827
1.0265,4.1478,4.3936,-0.67327,-0.67327,2.1126,0.96754,5.2044
0.99279,4.1132,4.3589,-0.6496,-0.6496,2.0405,1.3093,4.8564
0.97589,4.1722,4.4734,-0.65858,-0.65858,2.074,2.2318,6.3337
1.0214,4.1445,4.3765,-0.67867,-0.67867,2.0999,1.6307,4.9587
1.1074,4.0502,4.2637,-0.75222,-0.75222,2.1296,1.9313,4.6071
1.189,4.0547,4.2059,-0.76559,-0.76559,2.1105,1.498,4.977
1.2287,4.0713,4.2194,-0.80799,-0.80799,2.125,3.3078,5.886
1.2573,4.0774,4.2828,-0.84596,-0.84596,2.1577,1.5621,4.9648
1.285,4.0538,4.1885,-0.91477,-0.91477,2.1725,2.018,4.7291
1.2893,4.1448,4.2892,-0.93287,-0.93287,2.1753,1.0975,5.4605
1.2647,4.0993,4.1932,-0.89632,-0.89632,2.1488,-0.88486,5.7269
1.2187,4.1554,4.314,-0.89202,-0.89202,2.1853,0.82412,5.2822
1.2055,4.0996,4.2478,-0.85234,-0.85234,2.1834,1.2735,5.0551
1.1878,4.1978,4.3578,-0.87957,-0.87957,2.1981,0.70475,5.5496
1.166,4.2961,4.4633,-0.9007,-0.9007,2.2154,-0.85857,6.5924
1.0948,4.3341,4.5025,-0.8158,-0.8158,2.1512,0.67242,5.3469
0.95291,4.248,4.4119,-0.71845,-0.71845,2.0384,-0.1784,5.0668
0.90571,4.2592,4.315,-0.6846,-0.6846,2.0642,1.2222,5.3235
0.8805,4.2665,4.3827,-0.62096,-0.62096,2.0246,-1.9849,5.2931
0.86524,4.3336,4.433,-0.66877,-0.66877,2.0376,1.1462,5.2981
0.88967,4.3557,4.3826,-0.70582,-0.70582,2.0264,1.2705,5.2557
0.92884,4.3539,4.3088,-0.72605,-0.72605,2.041,0.92296,5.3821
0.96199,4.3782,4.2813,-0.73645,-0.73645,2.0169,-2.0888,5.91
0.98212,4.3898,4.2591,-0.73183,-0.73183,1.9843,1.052,5.3078
1.0276,4.3155,4.1462,-0.75792,-0.75792,1.978,1.3838,5.0073
1.063,4.3483,4.2094,-0.7788,-0.7788,1.9927,1.037,5.3995
0.98814,4.3112,4.1095,-0.72943,-0.72943,1.9476,-1.9522,5.5702
0.98888,4.3632,4.0734,-0.74725,-0.74725,1.9634,1.0727,5.3128
0.90219,4.2761,4.0237,-0.68285,-0.68285,1.8702,0.27991,5.0528
0.91846,4.2186,4.0171,-0.70753,-0.70753,1.9066,1.2026,5.1271
0.89072,4.2544,4.1683,-0.6573,-0.6573,1.9572,0.15824,5.8939
0.91185,4.2107,4.092,-0.66426,-0.66426,1.9236,1.3083,4.9796
0.80763,4.1708,4.122,-0.55511,-0.55511,1.8856,0.023502,5.0532
0.68642,4.1732,4.0968,-0.47884,-0.47884,1.8916,-0.46104,5.2316
0.67843,4.2221,4.2272,-0.42078,-0.42078,1.9727,-3.3962,2.1708
0.6665,4.2496,4.2217,-0.33284,-0.33284,1.9815,0.65284,5.28
0.64057,4.2555,4.3391,-0.34392,-0.34392,1.964,0.62625,5.2511
0.62585,4.2834,4.3725,-0.36511,-0.36511,1.9464,0.73836,5.1633
0.59789,4.2921,4.3885,-0.31613,-0.31613,1.9648,-1.3566,4.8454
0.57437,4.2569,4.3533,-0.31501,-0.31501,1.9508,0.72285,5.212
0.5487,4.2552,4.3889,-0.30179,-0.30179,1.9378,0.75232,5.3251
0.53119,4.2332,4.3362,-0.2752,-0.2752,1.9618,0.93044,5.1701
0.52392,4.2276,4.2722,-0.23813,-0.23813,1.9587,0.53009,5.4529
0.47426,4.1774,4.1188,-0.22255,-0.22255,1.8949,-1.6826,3.6149
0.44138,4.1484,3.9414,-0.26229,-0.26229,1.902,0.18102,5.043
0.44789,4.1787,3.9945,-0.29221,-0.29221,1.9935,0.77802,5.235
0.47241,4.1803,4.0718,-0.29032,-0.29032,2.0202,0.94584,5.2012
0.48745,4.212,4.227,-0.24187,-0.24187,2.0031,0.34836,5.3376
0.40914,4.1844,4.2679,-0.23009,-0.23009,1.9009,-0.55263,-0.071841
0.31595,4.1961,4.2701,-0.18056,-0.18056,1.853,0.062934,5.0872
0.25436,4.1751,4.219,-0.18112,-0.18112,1.8298,-0.045834,5.1258
0.29091,4.2102,4.3084,-0.15623,-0.15623,1.9389,0.2667,5.2929
0.29611,4.2336,4.4074,-0.13392,-0.13392,2.0092,1.5587,2.7523
0.34533,4.2768,4.5532,-0.13389,-0.13389,2.0028,0.76191,5.3029
0.36633,4.2746,4.5061,-0.13688,-0.13688,1.9891,0.19852,5.3044
0.37271,4.2666,4.515,-0.14534,-0.14534,2.005,0.63617,5.3065
0.42121,4.2081,4.5237,-0.22547,-0.22547,1.9899,2.5808,3.2743
0.49135,4.2311,4.6527,-0.27717,-0.27717,2.0583,0.82198,5.285
0.49712,4.2537,4.5985,-0.24853,-0.24853,2.0366,0.36632,5.1997
0.41607,4.1783,4.4939,-0.20095,-0.20095,1.9311,0.21471,5.072
0.34411,4.1366,4.4341,-0.17433,-0.17433,1.9003,1.9484,4.3177
0.36887,4.1832,4.35,-0.21919,-0.21919,1.9795,0.65648,5.2664
0.38044,4.2183,4.3772,-0.1742,-0.1742,2.041,0.53692,5.4
0.31235,4.1769,4.3069,-0.14644,-0.14644,1.9761,0.26429,5.0928
0.33534,4.1781,4.2931,-0.13981,-0.13981,2.0079,0.1152,5.4486
0.35408,4.2015,4.3445,-0.12322,-0.12322,2.01,-1.0539,3.1529
0.34903,4.1859,4.4322,-0.12608,-0.12608,2.0562,0.68078,5.216
0.37663,4.2059,4.4848,-0.14803,-0.14803,2.085,0.71332,5.3108
0.38863,4.2204,4.5452,-0.13783,-0.13783,2.0878,0.96375,5.2016
0.40199,4.237,4.602,-0.097607,-0.097607,2.0989,0.5623,5.4029
0.33875,4.1751,4.4963,-0.108,-0.108,2.0129,-1.0246,1.0547
0.30348,4.3271,4.8634,-0.1083,-0.1083,2.3655,2.5035,6.3525
0.52169,4.6557,5.6451,-0.064773,-0.064773,2.4171,2.545,5.2983
0.42189,4.3864,5.3059,0.15091,0.15091,2.1337,1.1926,4.7493
0.15999,4.7704,6.1306,0.31395,0.31395,2.4219,-1.5042,4.4082
0.40154,5.5899,8.1944,0.063419,0.063419,3.0901,0.25876,7.9159
0.087106,5.4566,7.6156,0.13493,0.13493,2.7182,-1.1107,6.2474
0.038343,5.4919,7.0716,-0.29727,-0.29727,2.3909,-0.072398,7.3607
-0.0027479,5.7868,7.2405,-0.48172,-0.48172,2.3575,-0.25839,6.7581
-0.48114,6.0571,7.2562,-0.12119,-0.12119,2.3393,-4.483,5.9875
-0.73403,6.4064,7.7155,0.31891,0.31891,2.2811,-1.265,8.2171
-0.99811,6.4068,7.6933,0.57675,0.57675,2.0679,-0.99934,7.1658
-1.4193,6.7546,7.7578,1.6096,1.6096,3.0492,1.1981,8.7215
-1.6133,6.7129,7.4217,1.9607,1.9607,3.0782,-1.6525,8.4496
-1.7546,6.4201,6.6886,1.5315,1.5315,2.4621,-3.1467,6.965
-1.3298,6.6448,7.1561,1.2662,1.2662,2.7705,2.4266,8.4584
-1.1798,6.6719,7.2648,0.28421,0.28421,2.4117,-4.2148,5.1843
-0.60513,5.1341,5.2217,-0.10519,-0.10519,2.2881,-3.3189,2.6335
-0.23273,4.8161,4.7721,-0.21971,-0.21971,2.4599,1.8377,4.0518
0.019981,4.1001,3.9026,-0.11588,-0.11588,2.3788,1.3613,3.6289
0.12816,3.7721,3.5451,0.037395,0.037395,2.4501,-1.3259,3.85
0.42394,3.6173,3.4809,-0.22711,-0.22711,2.5359,2.8841,3.2158
0.67394,3.5638,3.6068,-0.32881,-0.32881,2.9585,2.4442,4.0765
0.93119,3.6825,3.7907,-0.53174,-0.53174,3.4053,1.6416,5.5662
1.2579,3.8021,4.0116,-0.7037,-0.7037,4.0247,2.5616,4.6293
1.62,3.9388,4.1941,-0.99566,-0.99566,4.659,0.66686,4.8027
2.0292,4.1064,4.2892,-1.1572,-1.1572,5.2254,2.3884,6.6952
2.369,4.2046,4.1531,-1.3654,-1.3654,5.4936,1.9847,6.9183
2.7108,4.3323,4.3545,-1.6118,-1.6118,5.7108,3.4846,6.104
2.6507,4.052,3.9508,-1.561,-1.561,5.2947,-4.0879,9.2345
2.9454,4.3347,3.9636,-1.9119,-1.9119,5.6575,2.7809,6.4368
3.0506,4.4458,3.808,-2.0154,-2.0154,5.6118,2.4303,6.607
2.842,4.3279,3.6886,-1.7362,-1.7362,5.0325,3.2842,4.34
2.6662,4.164,3.4509,-1.7087,-1.7087,4.3623,2.1933,6.1784
2.5383,4.0085,3.2827,-1.7182,-1.7182,3.8315,2.3113,5.0253
2.457,4.0354,3.2176,-1.4895,-1.4895,3.9997,2.995,4.0993
2.4681,4.0559,3.2727,-1.4373,-1.4373,3.9548,1.9114,5.5186
2.4213,4.0495,3.1563,-1.4457,-1.4457,3.7901,0.15114,7.7411
2.4021,4.0467,3.1056,-1.3675,-1.3675,4.0369,2.7902,4.3887
2.4056,4.0655,3.1643,-1.4107,-1.4107,3.8098,2.4333,5.5709
2.3721,4.0902,3.217,-1.4846,-1.4846,3.8331,1.4356,6.0087
2.3481,4.0758,3.1756,-1.4164,-1.4164,4.1686,2.5514,4.5508
2.3333,4.0088,3.1435,-1.3674,-1.3674,4.3622,2.2832,1.1417
2.3411,3.9255,3.0853,-1.4385,-1.4385,4.277,2.1743,5.6101
2.4921,3.9576,3.1427,-1.4802,-1.4802,4.7391,3.4152,4.4252
2.5796,3.9551,3.084,-1.572,-1.572,4.5948,2.4165,5.6287
2.5583,3.9305,3.0637,-1.4805,-1.4805,4.2409,6.4017,3.2999
2.6823,3.9388,3.083,-1.4904,-1.4904,4.7633,3.9267,3.3522
2.6281,3.868,3.0335,-1.3283,-1.3283,4.8425,2.839,4.293
2.5903,3.7576,3.0189,-1.2648,-1.2648,4.959,3.358,3.7582
2.5683,3.6722,2.9911,-1.207,-1.207,5.0977,3.016,4.2402
2.5205,3.6212,2.9865,-1.2143,-1.2143,5.2214,3.9579,4.5844
2.517,3.5798,3.0116,-1.1451,-1.1451,5.1902,2.799,4.3804
2.5417,3.5966,3.088,-1.1265,-1.1265,5.4709,2.8267,4.2965
2.4651,3.519,3.184,-0.9729,-0.9729,5.5516,1.8669,-1.671
2.4592,3.4238,3.123,-0.97147,-0.97147,5.634,2.2254,4.8573
2.39,3.3468,3.1507,-0.89188,-0.89188,5.6807,2.2105,4.4685
2.3028,3.3067,3.2497,-0.76788,-0.76788,5.7651,0.70459,5.5567
2.2429,3.2261,3.323,-0.70387,-0.70387,5.9326,1.8665,4.71
2.1828,3.1701,3.3654,-0.69625,-0.69625,6.0813,1.6328,4.8932
2.1536,3.1387,3.4119,-0.69639,-0.69639,6.0739,1.737,4.5743
2.1118,3.1029,3.4824,-0.70285,-0.70285,6.1766,2.1538,4.7968
1.9999,3.023,3.5772,-0.56676,-0.56676,6.0616,1.4227,4.8954
2.0175,2.998,3.59,-0.54115,-0.54115,6.2348,0.056529,6.4978
2.0008,3.0283,3.6542,-0.52323,-0.52323,6.21,1.8788,4.7093
1.9603,2.9081,3.572,-0.49065,-0.49065,6.2727,2.2028,-1.3714
1.9702,2.9103,3.4947,-0.48301,-0.48301,6.2353,1.6363,-1.6223
1.9607,2.9017,3.4814,-0.51931,-0.51931,6.4584,1.5553,4.623
1.9344,2.7868,3.4805,-0.49429,-0.49429,6.4938,-1.8034,4.308
2.052,2.7057,3.3826,-0.59225,-0.59225,6.8297,6.043,5.6901
2.0462,2.7194,3.4011,-0.5895,-0.5895,6.7951,1.7921,4.6926
2.0467,2.7838,3.5712,-0.55572,-0.55572,7.1362,1.759,-1.7815
2.0165,2.672,3.4725,-0.45951,-0.45951,6.9767,0.92337,4.902
1.9883,2.6732,3.3833,-0.49092,-0.49092,6.8597,-1.4776,5.2232
1.9963,2.7119,3.3543,-0.54242,-0.54242,6.8278,1.8471,4.6964
2.0156,2.709,3.3874,-0.50211,-0.50211,6.8725,2.0998,4.5652
2.0041,2.5892,3.347,-0.40216,-0.40216,6.8136,2.1181,4.6953
2.1151,2.5588,3.2512,-0.46965,-0.46965,7.0583,2.9322,-1.0109
2.2427,2.6299,3.281,-0.56301,-0.56301,7.3414,0.75431,4.7541
2.3252,2.7212,3.285,-0.61334,-0.61334,7.5003,2.7694,4.3965
2.2808,2.7334,3.3453,-0.49603,-0.49603,7.2891,1.7603,4.8316
2.2274,2.7037,3.4296,-0.54816,-0.54816,7.2535,1.3009,5.1284
2.2858,2.7789,3.441,-0.6779,-0.6779,7.5758,2.3701,5.198
2.315,2.8467,3.4969,-0.72986,-0.72986,7.8339,3.653,5.2971
2.3443,2.8415,3.4055,-0.777,-0.777,7.663,2.8394,4.324
2.4094,2.9559,3.5307,-0.81751,-0.81751,7.9115,2.3047,5.1524
2.4304,3.0019,3.5142,-0.78148,-0.78148,7.8274,2.8713,4.4649
2.4558,3.0223,3.4605,-0.79544,-0.79544,7.6258,2.4395,4.4156
2.4809,3.0819,3.5419,-0.78046,-0.78046,7.7149,4.7272,1.9753
2.5449,3.2358,3.8423,-0.85296,-0.85296,8.0022,1.6785,5.5825
2.659,3.344,3.8362,-1.0432,-1.0432,8.4544,2.3815,6.011
2.716,3.4969,3.8412,-1.1895,-1.1895,8.596,1.916,6.2935
2.6799,3.6658,3.9706,-1.145,-1.145,8.203,2.1449,5.1383
2.5531,3.6376,3.7968,-1.1313,-1.1313,7.6538,3.3314,1.9987
2.4355,3.6874,3.6013,-1.1636,-1.1636,7.2663,2.2848,5.0004
2.3802,3.6017,3.4632,-1.0908,-1.0908,6.9486,2.7678,4.3204
2.3675,3.599,3.4058,-1.1189,-1.1189,6.8508,1.6032,5.4156
2.3548,3.6198,3.4047,-1.1138,-1.1138,6.7183,1.6822,5.3217
2.3581,3.6524,3.5024,-1.1206,-1.1206,6.7783,4.4754,0.63185
2.2899,3.573,3.517,-0.85113,-0.85113,6.5162,1.8834,4.6952
2.242,3.5521,3.6548,-0.74083,-0.74083,6.4469,1.2665,5.0484
2.3086,3.5988,3.7707,-0.86907,-0.86907,6.649,2.1259,4.8985
2.2456,3.5289,3.7157,-0.79862,-0.79862,6.4404,2.3499,4.1728
2.297,3.5738,3.8342,-0.97535,-0.97535,6.6746,2.3215,5.0304
2.376,3.6264,3.8792,-1.0668,-1.0668,6.8832,3.8365,3.3848
2.4063,3.6619,3.8935,-0.99118,-0.99118,6.9333,2.2481,5.0264
2.4424,3.7001,3.9085,-0.94726,-0.94726,6.9375,1.9304,5.2115
2.4448,3.6775,3.7964,-0.90909,-0.90909,6.8012,3.1609,4.2383
2.4644,3.6994,3.7848,-0.95504,-0.95504,6.8677,2.9539,4.7194
2.4254,3.6326,3.7078,-1.02,-1.02,6.7622,3.9825,1.3939
2.4327,3.5244,3.6372,-0.98175,-0.98175,6.9686,-7.4804,7.3176
2.5682,3.6281,3.8755,-1.1403,-1.1403,7.5389,-7.9167,6.7243
2.4598,3.3511,3.5679,-1.1076,-1.1076,7.3218,2.5208,5.122
2.3431,3.3951,3.7004,-1.1229,-1.1229,6.4907,2.1634,1.4052
2.0774,3.1882,3.7357,-0.71169,-0.71169,5.9497,0.90504,4.418
1.8357,3.0666,3.7882,-0.54688,-0.54688,5.2694,0.03097,4.359
2.2662,3.5385,4.9535,-1.3389,-1.3389,5.832,0.07691,5.9889
2.5093,3.6933,5.9093,-1.2207,-1.2207,6.3916,0.62464,6.2255
2.8938,3.8132,5.3116,-1.224,-1.224,7.215,3.5879,-0.31569
2.4691,3.3483,4.297,-1.2334,-1.2334,6.0193,2.8123,4.3578
2.3981,3.3896,4.3766,-1.4584,-1.4584,6.5333,1.7171,5.7341
2.302,3.7262,5.1741,-1.6784,-1.6784,8.0134,2.9032,-0.93085
2.3337,4.442,6.1825,-2.9085,-2.9085,8.8534,-2.1747,7.1241
1.9951,5.0028,7.0329,-3.0025,-3.0025,7.8977,-1.889,7.1438
1.6786,5.4961,7.8234,-2.3964,-2.3964,7.5618,3.2182,-4.3783
1.6394,5.9168,8.3947,-2.511,-2.511,7.195,0.1326,7.493
1.4449,6.1864,8.4481,-2.0337,-2.0337,6.3935,-0.15839,6.9045
1.2517,6.0991,8.0242,-1.6692,-1.6692,4.649,1.4553,-3.6581
1.037,5.8557,7.0916,-1.3335,-1.3335,3.4273,0.71117,6.6606
0.78249,5.7365,6.3613,-0.89208,-0.89208,2.5505,-0.85381,6.3934
0.73294,5.6421,6.0308,-0.66623,-0.66623,2.2553,0.63522,-0.69597
0.63226,5.7733,6.3468,-0.44659,-0.44659,2.1053,0.85104,6.8671
0.39081,5.8,6.1761,-0.20854,-0.20854,1.7743,-1.2424,6.4812
0.24863,5.8742,6.1349,-0.0090964,-0.0090964,1.7084,4.1543,4.8255
0.091332,6.0769,6.34,0.13049,0.13049,1.6506,-0.42483,7.0996
-0.11314,6.2216,6.2842,0.21951,0.21951,1.7083,-0.98011,7.2892
-0.31473,6.283,6.3013,0.31982,0.31982,1.7068,-0.79516,7.2928
-0.44731,6.3325,6.1738,0.41511,0.41511,1.7019,5.8614,1.0001
-0.59499,6.3589,5.9671,0.55796,0.55796,1.6944,-1.2792,7.2737
-0.65553,6.2834,5.8325,0.62267,0.62267,1.5142,-0.55241,7.0236
-0.79466,6.3345,5.8144,0.70103,0.70103,1.635,-1.2144,7.4428
-0.90896,6.4077,5.8035,0.63738,0.63738,1.5224,-3.5648,7.2136
-0.91627,6.3897,5.741,0.50247,0.50247,1.4668,-2.7918,7.1128
-0.96469,6.4291,5.8786,0.43053,0.43053,1.5187,0.20242,6.9396
-0.96294,6.4203,5.9488,0.40028,0.40028,1.5224,-0.42504,7.1083
-0.91096,6.3676,5.9541,0.29945,0.29945,1.4587,-1.8443,7.7552
-0.8606,6.3769,5.9357,0.37529,0.37529,1.49,0.14146,6.9502
-0.76941,6.3259,5.956,0.26256,0.26256,1.4005,0.11061,6.9328
-0.65791,6.3246,5.8157,0.25258,0.25258,1.4061,0.56609,6.6933
-0.67781,6.4195,5.8948,0.31759,0.31759,1.4122,-1.6993,6.7685
-0.78601,6.4412,6.0934,0.30086,0.30086,1.5119,0.12048,6.9467
-0.79732,6.4614,5.9122,0.43563,0.43563,1.3961,-1.2351,7.2369
-0.84758,6.4765,5.8577,0.49358,0.49358,1.3562,-1.0845,7.1305
-0.90389,6.4437,5.6227,0.58946,0.58946,1.4349,-0.60695,5.978
-0.96186,6.4794,5.6744,0.6338,0.6338,1.3851,-1.1968,7.2553
-0.99462,6.49,5.6483,0.64331,0.64331,1.3504,-1.6453,7.2187
-1.0951,6.3716,5.4156,0.68693,0.68693,1.3073,-0.61229,6.6046
-1.0619,6.1718,5.1455,0.60434,0.60434,1.1528,-1.736,6.527
-0.96798,6.2009,5.1165,0.58511,0.58511,1.2217,0.026449,7.0465
-0.91814,6.0394,4.9061,0.61373,0.61373,1.1945,-0.86024,6.4837
-0.90729,6.0366,4.9178,0.57317,0.57317,1.1836,-3.5384,5.835
-0.88542,6.1951,5.185,0.63793,0.63793,1.3004,-0.37526,7.1028
-0.9424,6.3516,5.4221,0.60456,0.60456,1.4078,-1.2508,7.2006
-0.97607,6.4198,5.6514,0.62909,0.62909,1.4301,-2.3806,7.144
-1.0018,6.3997,5.5974,0.73007,0.73007,1.5234,-0.55725,8.6348
-1.065,6.4479,5.5404,0.74601,0.74601,1.4617,-1.1854,7.2482
-1.0942,6.4836,5.5017,0.74252,0.74252,1.424,-1.2803,7.2819
-1.1294,6.4396,5.3736,0.78593,0.78593,1.4723,-1.1786,7.2169
-1.1216,6.406,5.5313,0.65311,0.65311,1.4442,-0.11869,7.5013
-1.1294,6.4484,5.6188,0.74685,0.74685,1.4223,-1.2917,7.2495
-1.1643,6.4699,5.6418,0.77826,0.77826,1.4258,-1.5063,7.1764
-1.1906,6.4715,5.5713,0.76539,0.76539,1.3997,-0.76118,7.2745
-1.23,6.4863,5.613,0.8138,0.8138,1.415,-1.846,6.6293
-1.2592,6.4734,5.6146,0.78932,0.78932,1.4042,-1.2736,7.2544
-1.265,6.4714,5.5865,0.78191,0.78191,1.3968,-1.8419,7.2125
-1.2403,6.4742,5.5609,0.76437,0.76437,1.4118,-1.7315,7.2849
-1.226,6.4793,5.6192,0.79233,0.79233,1.4073,-1.0006,6.1547
-1.1861,6.4719,5.6108,0.79422,0.79422,1.3757,-1.2449,7.2465
-1.1928,6.4764,5.6292,0.80244,0.80244,1.4001,-1.381,7.2728
-1.2339,6.4645,5.6738,0.69103,0.69103,1.4771,0.56751,7.0402
-1.1582,6.46,5.6452,0.7385,0.7385,1.3967,-3.3665,5.2744
-1.1881,6.4479,5.7107,0.85282,0.85282,1.4387,-1.2823,7.2352
-1.179,6.4487,5.7318,0.87893,0.87893,1.454,-1.0892,7.2103
-1.1232,6.414,5.7269,0.73979,0.73979,1.5038,-2.0638,7.222
-1.1047,6.3747,5.8996,0.67447,0.67447,1.533,0.84553,5.3431
-1.0181,6.3248,6.0303,0.44018,0.44018,1.5899,-3.1176,6.9795
-0.8185,6.2122,5.9887,0.42712,0.42712,1.4251,-0.1963,7.1035
-0.74147,6.2246,6.0753,0.27516,0.27516,1.563,-3.7466,6.6576
-0.65472,6.2184,6.2716,0.15164,0.15164,1.6292,1.4376,4.5556
-0.72002,6.3443,6.2327,0.32743,0.32743,1.5613,-1.2631,7.2417
-0.69909,6.2911,6.3679,0.09799,0.09799,1.5886,0.93243,6.5032
-0.72572,6.3373,6.526,0.12676,0.12676,1.5343,0.2731,7.1251
-0.68769,6.3819,6.3483,0.31099,0.31099,1.4412,1.8791,7.4997
-0.76979,6.4422,6.2953,0.39945,0.39945,1.391,-1.274,7.2445
-0.81031,6.4555,6.1169,0.47116,0.47116,1.3832,-1.427,7.23
-0.84479,6.4894,6.0782,0.49231,0.49231,1.3876,-0.83644,7.4195
-0.89105,6.4821,6.0318,0.52806,0.52806,1.4082,-4.5117,7.1147
-0.8994,6.4915,5.8665,0.58483,0.58483,1.3801,-1.3023,7.2492
-0.93958,6.4943,5.8085,0.61097,0.61097,1.388,-1.323,7.2554
-0.95705,6.4953,5.7067,0.65322,0.65322,1.3823,-1.3328,7.2796
-1.0032,6.4961,5.5691,0.62727,0.62727,1.3757,-5.0375,6.9423
-1.0141,6.5196,5.4712,0.62141,0.62141,1.3524,-1.345,7.2394
-1.0433,6.5285,5.438,0.63647,0.63647,1.3325,-1.0495,7.171
-1.0399,6.5327,5.3707,0.7095,0.7095,1.373,-0.3988,7.1368
-1.0522,6.5247,5.3971,0.7157,0.7157,1.3555,2.8956,5.4294
-1.0768,6.5232,5.3772,0.72826,0.72826,1.3825,-1.2423,7.243
-1.0209,6.6971,5.698,0.77606,0.77606,1.475,-0.41937,7.9495
-0.89559,6.7594,6.0359,0.47956,0.47956,1.5379,0.75016,7.2543
-0.81618,6.7106,5.9249,0.35174,0.35174,1.3747,1.0079,7.7924
-0.77775,6.7269,6.0319,0.28954,0.28954,1.6035,-3.4382,7.9673
-0.70742,6.5816,5.6565,0.42493,0.42493,1.3216,-1.4456,7.3324
-0.72582,6.5783,5.5616,0.42139,0.42139,1.2866,-1.1261,7.2637
-0.77703,6.549,5.6206,0.46185,0.46185,1.2965,0.46716,7.5223
-0.85044,6.5541,5.5709,0.52095,0.52095,1.3176,-1.2226,7.2445
-0.8791,6.5521,5.5363,0.51944,0.51944,1.313,-0.9929,7.2514
-0.84601,6.6436,5.6486,0.61241,0.61241,1.494,0.9242,7.9907
-0.85838,6.6711,5.6848,0.55553,0.55553,1.3124,-2.6826,6.0905
-0.88241,6.6086,5.5625,0.59442,0.59442,1.2827,-1.1767,7.2327
-0.93331,6.5804,5.4782,0.57867,0.57867,1.2794,-0.85784,7.2773
-0.98654,6.56,5.4531,0.58172,0.58172,1.2904,-1.4508,7.1436
-1.0296,6.5583,5.3833,0.61451,0.61451,1.3163,-1.4524,6.0648
-1.068,6.5309,5.4298,0.64659,0.64659,1.323,-1.1647,7.2422
-1.0967,6.5323,5.4263,0.69167,0.69167,1.3408,-1.2291,7.2295
-1.1649,6.3732,5.2915,0.70034,0.70034,1.3035,-1.4755,6.7721
-1.2336,6.4065,5.3577,0.72421,0.72421,1.343,-4.7163,5.3777
-1.2921,6.3052,5.3417,0.78224,0.78224,1.3544,-1.4,6.7
-1.4961,6.3128,5.298,0.9571,0.9571,1.3972,-2.8607,6.6243
-1.6327,6.4341,5.3548,1.0853,1.0853,1.4725,-5.8782,3.5252
-1.7286,6.2776,5.186,1.105,1.105,1.4172,-1.4701,6.6731
-1.6218,6.237,5.0961,1.0977,1.0977,1.373,-0.61338,7.0919
-1.5729,6.3103,5.1996,1.0977,1.0977,1.4788,-5.4504,3.8026
-1.5836,6.362,5.3861,1.0546,1.0546,1.4986,-1.2019,7.2441
-1.6279,6.255,5.3238,1.0619,1.0619,1.4437,-1.7449,6.7012
-1.6781,6.1917,5.1539,0.98627,0.98627,1.4165,-1.8187,6.5529
-1.6468,6.297,5.3797,1.0009,1.0009,1.5048,-3.6103,6.1461
-1.6476,6.359,5.3889,1.0354,1.0354,1.5381,-1.2523,7.2401
-1.6037,6.3913,5.4054,1.0382,1.0382,1.5123,-1.4965,7.1819
-1.6827,6.0353,5.0739,0.97318,0.97318,1.6835,-2.2004,6.0465
-1.675,6.0135,5.0602,1.1544,1.1544,2.0243,-3.4012,5.4359
-1.6473,6.0408,5.3762,1.0464,1.0464,1.9563,0.0078935,6.9676
-1.5534,6.1585,5.5025,1.1717,1.1717,1.828,-0.46055,7.1899
-1.4201,5.9312,5.2193,1.1018,1.1018,1.5753,-3.4494,3.5519
-1.2788,5.9756,5.1382,1.0555,1.0555,1.5372,0.55369,6.8214
-1.0939,6.0055,5.2362,1.0602,1.0602,1.5461,0.62189,6.8748
-0.94875,5.8849,5.0297,1.0061,1.0061,1.657,-4.3293,5.9986
-0.8019,5.8473,5.1822,0.95556,0.95556,1.7042,1.2931,6.5039
-0.79607,5.8628,5.3532,1.0122,1.0122,1.8498,0.20077,6.8305
-0.73943,5.6688,5.267,1.1267,1.1267,1.7613,0.45362,6.2511
-0.81436,5.705,5.3239,1.2674,1.2674,1.784,-0.73318,6.0988
-0.75409,5.8626,5.7642,1.2336,1.2336,1.8567,-0.84546,6.4869
-0.9538,5.5965,5.3682,1.2913,1.2913,1.7047,-2.1987,5.9133
-1.1692,5.6456,5.3785,1.3791,1.3791,1.8784,-1.8805,5.435
-1.4944,5.6178,5.5163,1.543,1.543,2.1688,-5.3464,1.8099
-1.54,5.5249,5.9692,1.4667,1.4667,2.5103,-4.7112,-0.31629
-1.5668,5.4152,6.2809,1.4448,1.4448,2.8533,-2.1657,5.0646
-1.5585,5.3067,6.5773,1.5769,1.5769,2.9539,-0.2865,5.5303
-1.5282,5.2853,6.8124,1.5392,1.5392,3.0501,-5.2178,8.5918
-1.5084,5.2471,7.2035,1.6171,1.6171,3.3355,-0.69581,5.7676
-1.6031,5.3497,7.5667,1.9161,1.9161,3.6009,0.51624,6.8579
-1.6139,5.2278,7.5353,1.9118,1.9118,3.6649,1.2829,6.1653
-1.614,5.1419,7.7841,1.8971,1.8971,3.6684,-0.98227,5.8999
-1.6093,5.0896,7.5666,2.0299,2.0299,3.8705,1.0818,5.3082
-1.714,5.0834,7.7933,2.445,2.445,4.4936,-4.9443,-1.7307
-1.7842,4.9837,7.7917,2.3582,2.3582,4.5274,-4.7641,-1.0778
-1.8199,4.9151,7.7592,2.5219,2.5219,4.6741,-5.0196,-0.77549
-1.8692,4.8284,7.8795,2.5625,2.5625,4.8431,-5.1529,1.028
-1.9184,4.7867,7.7241,2.7258,2.7258,5.0683,-1.8294,8.3308
-1.9912,4.7696,7.6638,2.8533,2.8533,5.4129,-5.0215,-1.1219
-2.0792,4.7077,7.7405,3.0056,3.0056,5.7105,-5.171,-0.48316
-2.2034,4.5477,7.6743,3.2517,3.2517,6.351,-5.2192,-0.53857
-2.3391,4.3614,7.564,3.4649,3.4649,6.9827,-4.5621,-1.1789
-2.509,4.2258,7.7351,3.8089,3.8089,7.7392,-4.4375,4.3411
-2.5993,4.1641,7.8034,3.8421,3.8421,7.8524,-4.948,-1.6203
-2.6867,3.9915,7.5394,3.9031,3.9031,8.5325,-5.0063,-1.1331
-2.7528,3.7914,7.5569,3.7873,3.7873,9.2947,-4.4382,-2.082
-2.8645,3.7068,7.9483,3.9034,3.9034,9.5417,-4.8512,-0.45233
-2.8807,3.6222,7.8631,4.0152,4.0152,9.419,-3.0723,3.3023
-2.9478,3.4982,7.7008,3.9419,3.9419,9.6458,-4.836,-0.28177
-2.9689,3.3912,7.3674,4.0126,4.0126,9.3806,-5.112,-0.88616
-2.8859,3.2432,7.0393,3.8918,3.8918,9.5291,-4.5974,-1.2981
-3.002,3.1201,6.7965,4.0151,4.0151,9.9988,-2.364,4.6844
-3.1352,2.9228,6.0922,3.954,3.954,10.235,-4.9545,-0.65263
-3.2393,2.8342,5.7737,3.7286,3.7286,9.9923,-4.8512,-0.78845
-3.3314,2.689,5.6769,3.751,3.751,10.431,-4.8973,-1.4467
-3.2633,2.652,5.3607,3.4406,3.4406,9.6288,-3.8699,4.686
-3.4283,2.5162,5.2581,3.485,3.485,9.973,-4.7501,-1.348
-3.4967,2.3373,4.979,3.1173,3.1173,10.274,-3.9598,-2.274
-3.454,2.073,4.2173,2.7753,2.7753,9.1931,-4.3648,-0.89903
-3.6415,1.8872,3.9325,2.4286,2.4286,9.0607,-4.8138,2.3421
-3.8503,1.7211,4.0519,2.4353,2.4353,9.8565,-4.4458,-2.1755
-3.8849,1.9063,4.2638,2.6294,2.6294,10.597,-5.3348,0.24339
-3.7252,2.0793,4.1934,2.7482,2.7482,9.9899,-5.2751,1.6289
-3.7582,2.0341,4.0921,2.5991,2.5991,10.232,-3.9687,5.4826
-3.6637,1.9104,3.8993,2.4791,2.4791,9.7312,-4.7195,-0.58646
-3.7085,1.9622,3.6059,2.3558,2.3558,9.2505,-5.1653,1.7121
-3.8108,1.9145,3.3534,2.1252,2.1252,9.0786,-3.0207,6.3027
-3.6201,1.9256,3.1315,1.9608,1.9608,8.3805,6.4387,3.427
-3.502,2.0484,3.0866,1.9153,1.9153,8.0785,-2.9619,4.8451
-3.4895,1.8781,2.896,1.667,1.667,7.8214,-3.6114,5.2475
-3.5811,1.8487,2.8577,1.6586,1.6586,8.0271,-4.8247,0.30382
-3.7252,2.0723,3.2753,2.0017,2.0017,8.8934,-4.9891,2.7735
-3.6768,2.069,3.3254,2.1043,2.1043,9.1568,-4.6169,-0.62446
-3.6037,2.322,3.6901,2.3941,2.3941,9.1601,-4.3182,6.5012
-3.5895,2.2061,3.3419,2.186,2.186,9.0018,-4.6924,-0.69937
-3.4855,2.1775,3.2675,2.1303,2.1303,8.559,-4.6896,0.34146
-3.5031,2.3468,3.4162,2.2658,2.2658,8.5931,-2.7129,5.6082
-3.6087,2.5458,3.5869,2.4673,2.4673,8.9163,-1.3043,-3.6887
-3.5036,2.6855,3.6658,2.6579,2.6579,8.6421,-2.1658,5.8413
-3.3798,2.6458,3.6319,2.4242,2.4242,8.8035,-4.7506,0.24373
-3.241,2.7681,4.2555,2.9315,2.9315,9.9096,-0.12267,6.3458
-3.0391,2.833,4.3846,3.0532,3.0532,9.567,-1.4479,-3.204
-3.0713,2.7969,4.6331,3.2375,3.2375,9.8297,-4.677,-0.78119
-2.9707,2.7959,4.6795,3.2375,3.2375,9.5061,6.1939,3.4216
-2.8825,2.8472,4.8738,3.3132,3.3132,9.2816,-2.2695,5.3443
-2.9536,2.8853,5.1396,3.5342,3.5342,9.5801,-0.20714,-2.5656
-2.9753,3.0449,5.1085,3.6336,3.6336,9.3857,-2.0252,5.9028
-2.9551,3.2052,5.2601,3.6022,3.6022,9.321,-1.2619,6.2489
-2.8314,3.4804,5.8068,3.9275,3.9275,9.4722,0.24893,6.6425
-2.7067,3.6719,5.9988,3.9761,3.9761,8.9455,-2.0214,-3.2861
-2.5268,3.7383,5.9199,3.7223,3.7223,8.5055,0.83284,6.5291
-2.3621,3.7336,6.159,3.9171,3.9171,8.5705,-0.21525,6.2643
-2.2274,3.7765,6.1475,3.8968,3.8968,8.2982,-0.85717,5.9283
-2.1738,3.7567,6.4219,4.0625,4.0625,8.5218,-2.5015,-3.5871
-2.0177,3.781,6.3243,3.8942,3.8942,7.9789,-0.71924,5.8798
-1.9436,3.9493,6.4349,3.7868,3.7868,7.7046,0.26961,6.4023
-1.8358,4.1276,6.6287,3.6541,3.6541,7.4031,1.0604,6.4224
-1.7086,4.1873,6.8744,3.7631,3.7631,7.3515,-2.3773,-4.3828
-1.6804,4.191,6.7214,3.574,3.574,6.9844,-2.5678,5.0921
-1.6167,4.2479,7.1106,3.7807,3.7807,7.0293,-1.9089,5.5115
-1.6265,4.4296,7.4957,3.8805,3.8805,6.8921,-2.1263,5.6867
-1.526,4.6715,7.922,3.9215,3.9215,6.8336,-4.4507,2.8128
-1.3308,4.7649,7.8105,3.7002,3.7002,6.6311,6.1143,3.853
-1.186,4.9841,8.0964,3.6675,3.6675,6.2101,5.8184,4.5411
-1.0354,5.1739,8.2876,3.4201,3.4201,5.7522,-0.14318,6.5329
-0.89727,5.3019,8.3041,3.138,3.138,5.277,-6.509,-0.72559
-1.616,5.2891,7.6457,3.0517,3.0517,5.2807,-6.844,2.2175
-1.9825,5.2814,7.488,2.591,2.591,4.6335,-5.4957,4.6401
-2.2845,5.0671,7.7697,2.255,2.255,4.1576,-6.1616,-1.4242
-2.4618,4.883,7.7163,2.0616,2.0616,3.7208,-1.2181,5.8864
-2.5167,4.9683,8.1718,2.5954,2.5954,3.8932,-1.0312,6.4134
-3.0152,5.0809,8.3615,2.9589,2.9589,4.5478,-8.2345,1.7714
-2.9861,5.1271,7.9425,2.8852,2.8852,4.2162,-2.8252,6.1263
-2.2342,4.6259,6.7986,2.0922,2.0922,2.9508,-6.251,2.9162
-1.996,4.7995,6.2527,1.7177,1.7177,2.5618,-0.70394,6.0203
-2.4212,4.7481,5.349,1.7652,1.7652,2.8985,-5.0442,3.3554
-2.5691,4.7491,5.1723,2.0044,2.0044,3.0854,-3.6,4.8783
-3.0139,5.0214,6.0407,2.2881,2.2881,3.6546,-6.5686,1.0361
-3.0421,4.8548,6.3744,1.9749,1.9749,3.1917,-1.1777,6.0326
-2.8833,4.8354,5.5837,1.888,1.888,2.9111,-2.2482,5.7813
-2.7747,5.0936,5.2773,2.0141,2.0141,2.9999,-1.5484,6.7822
-2.4038,5.1206,5.3588,1.871,1.871,2.88,-3.8289,5.9785
-1.9431,5.1078,5.4744,1.7731,1.7731,2.9094,0.88557,6.0286
-1.4095,5.3944,6.5253,1.6813,1.6813,3.086,2.4078,6.6228
-1.1637,5.6333,6.9452,1.365,1.365,2.9175,2.0895,6.2245
-0.80639,5.9522,7.3201,1.4486,1.4486,2.7156,-3.8033,7.3043
-0.49614,5.7076,6.6398,0.89289,0.89289,2.1524,1.9285,6.0987
0.12996,5.9813,7.116,0.47183,0.47183,2.269,3.7242,6.2211
0.36888,5.953,6.7684,0.42841,0.42841,1.9612,-1.9668,5.738
0.46181,5.6836,6.2205,0.39819,0.39819,1.8089,-0.095541,5.8659
0.58389,5.5722,5.9795,0.22762,0.22762,1.7602,0.34768,6.0356
0.93267,5.8143,6.1876,-0.12943,-0.12943,1.8253,1.9275,6.6182
1.3787,5.8796,6.3231,-0.46961,-0.46961,1.8921,-1.7705,6.0549
1.8574,5.8094,6.0814,-0.86537,-0.86537,2.0918,4.8074,4.9899
2.2676,5.6634,5.8104,-1.2231,-1.2231,2.2015,5.6483,3.6166
2.7373,5.7177,6.0097,-1.4634,-1.4634,2.5415,0.033744,6.5701
2.7636,5.6107,5.4133,-1.7516,-1.7516,2.1458,2.2239,6.5886
3.1684,5.6417,5.3437,-1.8828,-1.8828,2.521,5.2724,5.5795
2.9281,5.3476,4.5435,-1.9391,-1.9391,2.3948,0.4689,8.4989
2.9669,5.4008,4.4906,-1.9426,-1.9426,2.5485,3.0909,6.3321
3.1827,5.4322,4.5153,-2.0735,-2.0735,2.7053,4.4418,5.4549
3.2406,5.218,4.025,-2.0929,-2.0929,2.7367,3.5782,4.5447
3.2042,4.9417,3.6851,-2.0249,-2.0249,2.6906,4.2076,4.6859
3.2409,4.9015,3.6208,-1.9724,-1.9724,2.6539,3.1776,5.7062
3.2217,4.7817,3.6336,-1.9446,-1.9446,2.7008,2.9955,3.611
3.1623,4.9188,3.7391,-1.9617,-1.9617,2.7937,1.76,6.5429
2.9828,4.8566,3.7361,-1.9288,-1.9288,2.5734,1.8076,6.1111
2.7947,4.9482,3.9146,-1.9611,-1.9611,2.6801,4.2721,3.1702
2.7329,5.022,4.0534,-1.998,-1.998,2.6853,2.6027,5.9401
2.8793,5.071,4.067,-1.9312,-1.9312,2.8006,3.563,5.5722
3.2769,5.287,4.6261,-2.1351,-2.1351,3.0766,2.3756,4.6448
3.3349,5.2696,4.2301,-2.2141,-2.2141,3.0768,3.5242,5.9895
3.5018,5.2674,4.2541,-2.2782,-2.2782,3.1674,4.6404,5.2282
3.6308,5.2281,4.1938,-2.3351,-2.3351,3.2841,-0.31906,6.6754
3.7302,5.1547,4.1193,-2.38,-2.38,3.3936,4.8053,5.134
3.8404,5.0841,4.0006,-2.3671,-2.3671,3.4759,4.6527,5.3445
3.9423,5.0129,3.8707,-2.3557,-2.3557,3.5329,5.0978,6.0593
3.9923,4.947,3.8176,-2.4039,-2.4039,3.6342,4.8413,5.0996
4.0682,4.8927,3.738,-2.3796,-2.3796,3.6922,4.9565,4.9035
4.2582,4.7619,3.5264,-2.3411,-2.3411,3.8024,3.1113,6.1129
4.4486,4.7851,3.511,-2.4333,-2.4333,3.8975,5.1656,5.2463
4.577,4.7795,3.3566,-2.3893,-2.3893,3.9537,5.467,4.8271
4.5247,4.6732,3.1975,-2.318,-2.318,3.9319,2.9606,5.7219
4.4873,4.6058,3.1315,-2.2997,-2.2997,3.8774,4.8919,5.0524
4.5727,4.5314,3.3528,-2.3175,-2.3175,4.046,3.5343,6.0022
4.4876,4.3411,3.0601,-2.3025,-2.3025,4.0056,2.5989,7.4126
4.5103,4.3378,3.1341,-2.4215,-2.4215,4.404,4.8625,5.0639
4.5311,4.1884,3.0091,-2.3978,-2.3978,4.4269,5.6049,3.6453
4.7817,4.2785,3.3304,-2.5107,-2.5107,4.7171,3.7433,5.5074
4.7235,4.2729,3.1554,-2.4505,-2.4505,4.6078,4.9076,5.017
4.745,4.0818,3.1207,-2.3712,-2.3712,4.5691,4.3125,5.0937
4.8178,4.0628,3.2949,-2.4491,-2.4491,4.8137,3.4676,4.1762
4.9119,4.1041,3.0416,-2.4378,-2.4378,4.9743,5.1868,5.2077
5.0915,4.1451,3.1233,-2.4505,-2.4505,5.0329,6.2394,4.0266
5.2164,4.1255,3.058,-2.4582,-2.4582,5.0259,3.2918,5.6344
5.1362,4.1253,2.8398,-2.414,-2.414,4.8775,5.232,5.1592
5.0902,4.168,2.7212,-2.3679,-2.3679,4.7987,5.222,5.1664
5.0804,4.2001,2.6792,-2.3259,-2.3259,4.6875,1.2775,5.3589
5.0753,4.2112,2.5658,-2.2768,-2.2768,4.6031,5.2362,5.1529
5.0459,4.2499,2.5761,-2.2337,-2.2337,4.5042,5.0546,5.4082
5.0421,4.2967,2.5986,-2.2342,-2.2342,4.3991,8.4708,1.0564
5.0222,4.3387,2.5853,-2.2332,-2.2332,4.2685,5.1686,5.2612
5.1608,4.3298,2.7335,-2.2337,-2.2337,4.3314,6.4758,3.7823
5.116,4.2899,2.6662,-2.2701,-2.2701,4.2921,6.3118,1.4216
5.0853,4.317,2.5798,-2.2253,-2.2253,4.2159,5.2367,5.1687
5.2084,4.2783,2.6933,-2.1857,-2.1857,4.2985,6.2396,4.0358
5.2953,4.234,2.7144,-2.2418,-2.2418,4.4113,4.3776,5.7434
5.0975,4.0914,2.6122,-2.2106,-2.2106,4.2913,4.8474,5.0782
5.232,4.1105,2.7561,-2.2923,-2.2923,4.5057,6.455,3.691
5.045,4.0638,2.643,-2.2212,-2.2212,4.3538,4.3443,7.3654
5.2209,4.0723,2.7588,-2.2797,-2.2797,4.6393,6.57,3.4938
5.1885,4.2094,2.7806,-2.2999,-2.2999,4.762,4.95,5.8042
5.1138,4.2121,2.6008,-2.2738,-2.2738,4.6038,4.9689,1.4044
5.0852,4.2487,2.5752,-2.2651,-2.2651,4.467,5.2122,5.1985
4.9158,4.3308,2.6199,-2.1481,-2.1481,4.4666,5.6524,3.4979
4.9209,4.4447,2.6808,-2.218,-2.218,4.6613,3.744,8.7257
4.7564,4.482,2.8873,-2.286,-2.286,4.6144,6.0846,1.6966
4.6688,4.3695,2.8041,-2.3159,-2.3159,4.4585,5.0056,4.9722
4.6383,4.3332,2.875,-2.3655,-2.3655,4.4881,-1.0862,6.3708
4.7571,4.3712,2.9393,-2.3872,-2.3872,4.5143,5.1615,5.2535
4.6796,4.4586,2.9486,-2.3391,-2.3391,4.6802,5.7574,3.2568
4.6168,4.383,2.9106,-2.3724,-2.3724,4.5595,-1.0472,7.0202
4.6154,4.3073,2.9164,-2.3666,-2.3666,4.7181,4.8554,5.0713
4.6634,4.3584,3.2628,-2.3542,-2.3542,5.0366,1.9223,6.8219
4.7053,4.2902,3.4071,-2.4867,-2.4867,4.9869,2.927,6.3982
4.7383,4.3535,3.6425,-2.5455,-2.5455,5.1003,2.0195,6.7353
4.7067,4.2214,3.566,-2.5813,-2.5813,5.0493,2.8911,6.216
4.6177,4.2164,3.3771,-2.6227,-2.6227,4.9021,4.8661,5.2447
4.5444,4.318,3.2766,-2.493,-2.493,5.0117,5.6003,3.1139
4.1575,4.3799,3.3375,-2.4973,-2.4973,4.9824,5.7085,3.0087
3.7012,4.3664,3.6225,-2.4831,-2.4831,4.7969,-3.1583,7.0055
3.4084,4.4285,3.9143,-2.4881,-2.4881,4.4621,-0.92753,7.0727
3.1243,4.4866,4.0725,-2.4485,-2.4485,4.4327,-1.9478,7.6688
2.9051,4.5422,4.2475,-2.4626,-2.4626,4.431,3.3704,3.1803
2.7604,4.5569,4.3166,-2.4279,-2.4279,4.4717,-3.2872,6.9111
2.6397,4.5155,4.3458,-2.4391,-2.4391,4.3416,-5.0705,6.344
2.5432,4.5846,4.5018,-2.4103,-2.4103,4.2955,-3.6188,6.6763
2.4324,4.6714,4.7059,-2.4365,-2.4365,4.2888,2.5289,5.9427
2.3431,4.808,4.9329,-2.3639,-2.3639,4.1001,5.4462,0.63236
2.2561,4.9579,4.978,-2.3341,-2.3341,3.974,-0.34449,7.1017
2.1315,5.0771,5.0871,-2.2304,-2.2304,3.838,-0.50353,7.0735
1.9899,5.126,5.0861,-2.1377,-2.1377,3.7208,-0.71818,7.0565
1.8567,5.1392,5.0906,-2.1767,-2.1767,3.8611,1.8707,6.0256
1.7636,5.1114,5.2339,-2.2504,-2.2504,3.838,6.2062,5.582
1.7575,5.1322,5.1831,-2.1161,-2.1161,3.5826,-0.71772,7.1476
1.7139,5.2506,5.3668,-2.0633,-2.0633,3.4058,-0.75618,7.0475
1.6284,5.3072,5.483,-2.118,-2.118,3.4287,-3.3202,6.7004
1.6005,5.2981,5.3873,-1.9948,-1.9948,3.2823,-1.0164,6.8166
1.516,5.2837,5.5043,-2.1102,-2.1102,3.4766,-1.5038,6.9374
1.5422,5.2677,5.3376,-1.9991,-1.9991,3.3439,-0.70749,7.1457
1.4574,5.2845,5.5933,-2.1717,-2.1717,3.5413,-2.3665,7.3918
1.4492,5.3392,5.7149,-2.063,-2.063,3.3153,-1.3342,7.0875
1.413,5.3408,5.8029,-2.0136,-2.0136,3.2288,-1.4454,7.0021
1.342,5.363,5.9612,-1.9862,-1.9862,3.1881,-2.1697,5.385
1.3242,5.4021,5.8258,-1.8997,-1.8997,3.08,-0.6487,7.1368
1.2366,5.3819,5.7393,-1.723,-1.723,3.0059,-0.45856,7.1814
1.2088,5.4357,5.7108,-1.7072,-1.7072,2.9475,0.25016,7.0812
1.179,5.459,5.7648,-1.7185,-1.7185,2.8941,-1.0387,7.1051
1.1441,5.4836,5.848,-1.7046,-1.7046,2.9152,2.2338,5.7826
1.1234,5.5086,5.8574,-1.7682,-1.7682,2.9113,-0.65869,7.1449
1.1061,5.5124,5.9616,-1.6698,-1.6698,2.8561,-0.50784,7.2012
1.1751,5.4504,5.7075,-1.573,-1.573,2.6193,0.30478,6.6309
1.1192,5.4466,5.5534,-1.432,-1.432,2.6728,0.28014,7.0214
1.0248,5.4095,5.5365,-1.5376,-1.5376,2.925,-1.1957,5.897
1.0161,5.4434,5.718,-1.7072,-1.7072,2.988,-3.115,7.0191
1.0235,5.4153,5.8798,-1.6728,-1.6728,2.9836,-3.2051,6.9318
0.99851,5.4654,6.2741,-1.8054,-1.8054,2.9937,-3.4503,6.5679
1.054,5.5063,6.2409,-1.7056,-1.7056,2.805,-1.7488,6.8973
1.0865,5.541,6.0783,-1.6012,-1.6012,2.7438,1.9502,4.9498
1.0739,5.584,6.1339,-1.5477,-1.5477,2.5898,-0.33417,7.1114
1.0482,5.6367,6.0702,-1.4461,-1.4461,2.5083,-0.94983,7.0459
0.95213,5.6063,6.0575,-1.493,-1.493,2.6833,-3.2281,7.0666
0.92168,5.6271,6.0908,-1.5986,-1.5986,2.7359,-3.286,7.041
0.94173,5.6144,6.113,-1.4751,-1.4751,2.4716,2.1356,6.4063
0.92238,5.621,5.9829,-1.6096,-1.6096,2.6692,-3.2256,6.9209
0.93101,5.5878,6.0915,-1.7847,-1.7847,2.8452,-3.1945,6.9306
0.91855,5.5815,6.2595,-1.774,-1.774,2.8282,-3.239,6.8506
0.96642,5.566,6.175,-1.6332,-1.6332,2.5842,-1.9143,6.7054
0.9898,5.6011,6.1065,-1.5186,-1.5186,2.5013,4.1167,4.2563
1.0039,5.6621,6.0839,-1.4793,-1.4793,2.4301,-0.46735,7.1103
0.97985,5.6455,6.0311,-1.4774,-1.4774,2.4786,-0.58987,7.228
0.9743,5.6341,5.9271,-1.4827,-1.4827,2.494,-0.78759,6.9159
0.98426,5.6673,5.9541,-1.4388,-1.4388,2.4705,5.6526,5.5743
0.95579,5.7055,5.8955,-1.3458,-1.3458,2.3331,-0.30504,7.1015
0.94665,5.7329,5.889,-1.3212,-1.3212,2.2759,-0.44852,7.0522
0.91615,5.7661,5.755,-1.2606,-1.2606,2.2103,0.062514,7.175
0.85961,5.7533,5.7387,-1.4868,-1.4868,2.5132,-2.3238,7.4447
0.9032,5.7423,5.7594,-1.3624,-1.3624,2.3605,3.5982,5.0011
0.89851,5.7478,5.8879,-1.4838,-1.4838,2.5189,-3.1663,6.9735
0.85526,5.6216,5.9121,-1.5153,-1.5153,2.663,-3.7666,6.7488
0.85781,5.5861,6.0841,-1.6621,-1.6621,2.7547,-3.2376,6.958
0.84459,5.4599,6.1432,-1.6483,-1.6483,2.8784,-3.363,6.6187
0.86533,5.5001,6.4975,-1.7719,-1.7719,2.8516,3.1745,5.4097
0.92362,5.503,6.473,-1.647,-1.647,2.7191,-0.36457,7.1023
0.93066,5.5478,6.5955,-1.7434,-1.7434,2.8302,-2.899,7.053
0.99515,5.5525,6.5159,-1.5915,-1.5915,2.6249,-1.8263,6.7969
1.0186,5.55,6.3649,-1.5304,-1.5304,2.635,5.9922,3.9464
0.99595,5.5703,6.4194,-1.5253,-1.5253,2.6145,-0.62391,7.1365
0.99043,5.6172,6.3388,-1.4679,-1.4679,2.5028,-0.4165,7.0845
0.97703,5.6569,6.2725,-1.4139,-1.4139,2.4542,-1.3667,7.1832
0.94255,5.6438,6.177,-1.5969,-1.5969,2.6532,-2.8281,7.0415
1.0427,5.5777,6.0574,-1.5476,-1.5476,2.5943,3.2912,5.5702
1.0718,5.5903,5.999,-1.4793,-1.4793,2.5606,-0.75268,7.1273
1.0821,5.5951,5.9708,-1.4705,-1.4705,2.5408,-0.11746,7.0839
1.0861,5.5823,5.9543,-1.4725,-1.4725,2.581,-0.79129,7.0722
1.0775,5.5924,5.9284,-1.4654,-1.4654,2.5895,-1.4504,6.9727
1.0465,5.6205,5.839,-1.4894,-1.4894,2.6227,1.7723,7.5967
0.99996,5.7081,5.8356,-1.4247,-1.4247,2.4215,-0.37686,7.1048
0.96567,5.7079,5.8302,-1.4607,-1.4607,2.3966,-0.39288,7.1726
0.86645,5.6968,6.0335,-1.636,-1.636,2.7096,-2.7471,7.1018
0.82245,5.5501,6.0531,-1.7017,-1.7017,2.6319,0.81233,6.9431
0.85962,5.5303,6.1612,-1.6869,-1.6869,2.6284,-0.61721,7.1322
0.8946,5.5849,6.2085,-1.5765,-1.5765,2.5894,-0.11016,7.0708
0.84927,5.5954,6.2719,-1.7584,-1.7584,2.8406,-3.2317,7.0563
0.84457,5.5867,6.5098,-1.8424,-1.8424,2.887,-2.4709,7.3807
0.83882,5.5515,6.6185,-1.8997,-1.8997,3.0062,0.29561,8.0097
0.91481,5.5451,6.6077,-1.697,-1.697,2.795,-0.33752,7.0886
0.82213,5.3492,6.3029,-1.7097,-1.7097,2.8508,1.1861,5.645
0.86481,5.3636,6.5172,-1.9025,-1.9025,3.0594,2.1804,5.6229
0.93233,5.4072,6.4593,-1.8126,-1.8126,2.9393,4.3523,-2.1211
0.97053,5.4481,6.53,-1.767,-1.767,2.9199,-0.69311,7.131
0.98415,5.4797,6.4713,-1.7176,-1.7176,2.8373,-0.66063,7.1292
0.99994,5.5061,6.3714,-1.6656,-1.6656,2.7986,-1.1162,7.1031
0.99427,5.539,6.2807,-1.6118,-1.6118,2.7977,-1.5973,6.858
0.95714,5.5226,6.2775,-1.7667,-1.7667,3.0292,3.93,4.2177
0.92582,5.464,6.5131,-1.8904,-1.8904,3.13,-3.3368,6.8855
0.99787,5.4487,6.4474,-1.8121,-1.8121,2.9426,-1.0292,7.0803
1.0334,5.4653,6.4194,-1.7156,-1.7156,2.8934,-0.094958,7.1213
1.0377,5.4993,6.3763,-1.6975,-1.6975,2.8437,-1.7511,6.7555
1.0629,5.5301,6.2225,-1.6498,-1.6498,2.8203,3.7142,4.0288
1.0793,5.5148,6.1157,-1.7121,-1.7121,2.898,-0.61729,7.1412
1.1571,5.4466,5.8961,-1.619,-1.619,2.6764,1.1375,6.5644
1.1466,5.502,5.9184,-1.5688,-1.5688,2.724,0.10033,6.9218
1.1117,5.5281,5.9259,-1.5556,-1.5556,2.7554,5.3178,1.6247
1.0513,5.578,6.1643,-1.6986,-1.6986,2.8196,-3.2569,6.9657
1.0234,5.5164,6.2576,-1.8616,-1.8616,3.0108,-3.7752,6.6678
1.0709,5.5299,6.2137,-1.7312,-1.7312,2.763,-1.2804,7.0787
1.0758,5.5372,6.1096,-1.6924,-1.6924,2.7731,-1.2668,6.7031
1.03,5.5964,6.1807,-1.7169,-1.7169,2.8144,3.9285,5.5475
1.0728,5.5383,6.1313,-1.9131,-1.9131,3.0811,-3.3746,6.8886
1.1081,5.5508,6.0266,-1.7821,-1.7821,2.8174,-0.48219,7.0375
1.1076,5.5423,5.9151,-1.7201,-1.7201,2.826,-0.45981,6.9012
1.0989,5.5583,5.9287,-1.6483,-1.6483,2.7897,-0.16419,7.0923
1.0987,5.6116,5.967,-1.5761,-1.5761,2.6591,-0.71671,5.5322
1.0814,5.5985,5.9525,-1.6021,-1.6021,2.7123,-0.65391,7.1412
1.0425,5.6072,5.9519,-1.5463,-1.5463,2.6844,-0.42418,7.1737
0.97587,5.6047,6.0619,-1.7325,-1.7325,2.9442,-2.3266,7.1506
1.0165,5.5864,5.9514,-1.6791,-1.6791,2.7827,-0.99357,7.2851
1.0372,5.6177,5.9074,-1.6112,-1.6112,2.6491,3.8446,5.6629
1.0143,5.6155,5.9032,-1.5427,-1.5427,2.6254,-0.69053,7.1278
0.98879,5.6218,5.8505,-1.5137,-1.5137,2.6138,-0.91994,7.0848
0.96838,5.6743,5.8849,-1.4672,-1.4672,2.5274,-0.59707,7.1511
0.92459,5.65,5.922,-1.6042,-1.6042,2.7655,-2.5406,6.8853
0.94387,5.5837,5.7672,-1.5514,-1.5514,2.6265,2.3488,3.1234
0.91207,5.5601,6.011,-1.7032,-1.7032,2.8253,-3.1157,6.9907
0.92539,5.5775,6.287,-1.8046,-1.8046,2.82,-3.5998,6.7786
0.97141,5.5426,6.2335,-1.669,-1.669,2.7212,-1.1976,7.2729
0.94042,5.5356,6.4056,-1.7786,-1.7786,2.9045,-0.63058,7.5004
0.94125,5.4861,6.5625,-1.9346,-1.9346,3.052,5.6867,1.4636
0.94409,5.4324,6.6633,-2.0569,-2.0569,3.1593,-3.1531,6.9684
1.0432,5.3958,6.4724,-1.8869,-1.8869,2.9863,-1.485,6.9451
1.0474,5.3705,6.6264,-2.0303,-2.0303,3.1401,-2.937,6.8183
1.057,5.3308,6.786,-2.1661,-2.1661,3.3244,-1.802,7.4289
1.1318,5.3085,6.6032,-2.0085,-2.0085,3.1871,-2.7681,5.3574
1.1728,5.3408,6.4922,-1.8969,-1.8969,3.1668,-0.74511,7.143
1.1765,5.368,6.3739,-1.8596,-1.8596,3.1435,-0.54792,7.0761
1.1415,5.374,6.5201,-2.0359,-2.0359,3.3632,-1.892,7.2582
1.1455,5.3585,6.5979,-2.1808,-2.1808,3.5194,-1.7463,7.2671
1.163,5.3832,6.7302,-2.1959,-2.1959,3.4406,-1.7388,4.1516
1.1256,5.4202,6.7807,-2.2401,-2.2401,3.432,-3.2855,6.9283
1.1218,5.3786,6.769,-2.2632,-2.2632,3.4454,-2.4648,7.1608
1.1128,5.345,6.7502,-2.2262,-2.2262,3.4781,-2.3928,7.3525
1.1466,5.3139,6.787,-2.2806,-2.2806,3.54,-3.423,6.7497
1.1799,5.2995,6.5394,-2.0377,-2.0377,3.2872,-2.3681,5.716
1.1429,5.3207,6.6377,-2.1144,-2.1144,3.3861,-3.1917,6.9751
1.1032,5.3109,6.8038,-2.2266,-2.2266,3.4502,-3.5932,6.8196
1.1044,5.2993,7.0099,-2.3168,-2.3168,3.501,-3.3385,6.6638
1.1367,5.2676,7.0572,-2.3319,-2.3319,3.5506,-2.5037,6.982
1.1646,5.2281,7.1075,-2.3664,-2.3664,3.6058,-1.349,6.3977
1.2403,5.2092,6.8384,-2.1815,-2.1815,3.459,-0.70473,7.1361
1.2447,5.2551,6.6631,-2.0535,-2.0535,3.3631,-0.38857,7.1013
1.2012,5.2542,6.7984,-2.2032,-2.2032,3.5644,-2.6506,7.0948
1.2071,5.2453,6.8229,-2.3005,-2.3005,3.6809,-2.292,7.4244
1.2118,5.1956,6.8706,-2.2734,-2.2734,3.6941,2.8806,7.3134
1.2798,5.1516,7.0179,-2.3216,-2.3216,3.7835,-3.3627,6.8748
1.2719,5.1582,7.0131,-2.3974,-2.3974,3.7798,-3.4421,6.8779
1.2847,5.2024,7.0233,-2.3968,-2.3968,3.7092,-3.2764,6.9555
1.266,5.1982,7.0639,-2.4454,-2.4454,3.7356,-3.3627,6.6783
1.2942,5.1673,6.9651,-2.4212,-2.4212,3.7761,-4.1887,7.1098
1.3322,5.1846,7.1949,-2.4157,-2.4157,3.718,-3.2717,6.9288
1.3317,5.2,7.2241,-2.4346,-2.4346,3.7237,-3.4041,7.0215
1.3457,5.1742,7.053,-2.3872,-2.3872,3.7472,-3.7914,6.7447
1.3355,5.2112,7.0822,-2.3716,-2.3716,3.6911,-2.9716,7.2634
1.3647,5.2449,6.9514,-2.3304,-2.3304,3.6786,-3.2613,7.237
1.385,5.1994,6.7983,-2.2944,-2.2944,3.642,-3.332,6.9089
1.3819,5.1659,6.8311,-2.3673,-2.3673,3.7182,-2.6843,7.2431
1.4143,5.2081,6.5524,-2.0845,-2.0845,3.7427,-2.7632,6.4223
1.3532,5.2395,6.5858,-2.1866,-2.1866,3.7561,-3.7682,6.9072
1.3171,5.2672,6.7235,-2.2395,-2.2395,3.6904,-3.9979,7.067
1.274,5.3052,6.7679,-2.2198,-2.2198,3.5071,-3.1808,6.9735
1.3911,5.3337,6.415,-1.9463,-1.9463,3.5801,-1.4344,6.8795
1.2881,5.1039,5.9574,-1.9519,-1.9519,3.7707,1.9692,5.2297
1.3814,4.6837,5.302,-2.0395,-2.0395,3.8918,-3.7855,3.2223
1.5598,4.3701,4.8134,-1.9592,-1.9592,3.9872,2.8357,4.3412
1.6411,4.2562,4.646,-1.8819,-1.8819,4.1222,2.8798,4.3911
1.7718,4.0924,4.427,-1.8542,-1.8542,4.3181,3.113,4.1768
1.7644,3.9702,4.2603,-1.6997,-1.6997,4.3552,3.3475,2.5834
1.8315,4.0515,4.5479,-1.7693,-1.7693,4.7135,3.3753,8.0634
1.8372,4.1323,4.7187,-1.8145,-1.8145,5.1621,1.7824,5.5361
1.7799,4.3414,5.1027,-1.8107,-1.8107,5.2563,-0.20596,6.5343
1.7077,4.5153,5.5424,-1.8907,-1.8907,5.6682,-0.39678,6.1541
1.853,4.8315,5.8652,-1.9798,-1.9798,5.4668,5.5281,-0.95262
1.8051,4.7999,5.5309,-2.2191,-2.2191,5.5909,2.1229,5.8348
1.4298,4.9007,5.8011,-1.8589,-1.8589,5.44,-0.79085,6.2374
1.644,5.4251,7.1405,-1.8529,-1.8529,5.5635,3.5136,7.0394
1.4978,5.5846,6.9405,-2.3548,-2.3548,5.5189,4.0771,4.1173
1.5835,5.2179,6.5576,-1.7145,-1.7145,4.4244,0.46698,5.6843
1.4008,5.4374,7.0799,-1.4804,-1.4804,4.3332,-0.79828,6.5955
1.5805,5.5109,6.6645,-1.4611,-1.4611,3.6889,4.3827,3.2362
1.6632,5.7321,6.7687,-1.4694,-1.4694,3.2846,1.752,6.8251
1.3775,5.5135,6.0495,-1.2833,-1.2833,2.8152,-0.60668,5.5812
0.64011,5.5006,5.6612,-1.4143,-1.4143,2.8633,2.0745,3.7157
0.73929,5.9435,6.5703,-1.4197,-1.4197,2.393,2.0419,6.7139
0.62402,6.3177,6.9466,-0.9208,-0.9208,2.1869,1.5382,6.9997
0.86668,6.9877,8.6197,-0.77843,-0.77843,2.3754,-4.9302,7.1297
1.1561,6.9166,8.0798,-0.41357,-0.41357,2.1624,10.014,4.0409
1.4202,7.1684,8.5512,-0.48364,-0.48364,2.0589,4.6063,7.3312
1.5804,7.066,8.8099,-0.23174,-0.23174,2.0168,-4.3842,7.5647
1.8797,7.0832,8.3046,-0.5674,-0.5674,2.1509,4.4878,7.4748
1.9781,7.5477,10.066,-0.52325,-0.52325,1.5716,0.60807,11.731
1.9797,7.7235,9.0665,-1.0026,-1.0026,1.5633,1.775,8.5987
1.5658,7.0748,8.0555,-0.87849,-0.87849,1.3993,-1.8812,7.6982
1.2994,6.5704,7.2206,-0.64479,-0.64479,1.282,-0.039383,7.0264
1.1845,6.6144,7.3156,-0.58537,-0.58537,1.4832,-2.7598,6.3228
0.71365,6.6216,7.3433,-0.35482,-0.35482,1.5131,3.9328,7.6868
0.40924,6.1157,6.2571,-0.095721,-0.095721,1.2253,-1.5365,6.1905
0.44524,6.3209,6.3921,-0.29499,-0.29499,1.4847,0.20423,7.21
0.63006,6.4955,6.6284,-0.77765,-0.77765,1.8112,3.0499,6.7737
0.55137,6.5214,6.6782,-0.74652,-0.74652,1.5642,-1.4546,7.1489
0.70357,6.367,6.5163,-0.9069,-0.9069,1.5903,0.084238,7.0728
0.8256,6.3363,6.3155,-1.073,-1.073,1.6221,2.0469,6.8093
1.2503,6.3827,6.2747,-1.3192,-1.3192,1.8576,4.0835,5.9685
1.5458,6.2364,5.9181,-1.4356,-1.4356,1.8619,3.6835,6.0775
1.7101,6.0693,5.376,-1.4536,-1.4536,1.7262,2.0538,4.6099
1.9289,6.037,5.2695,-1.5916,-1.5916,1.8273,3.4989,6.022
2.2461,5.9708,5.2752,-1.6945,-1.6945,2.0344,4.907,4.9313
2.6995,5.9441,5.398,-1.7203,-1.7203,2.55,2.6555,6.4268
2.8266,5.7352,5.1253,-1.6961,-1.6961,2.6134,3.2469,5.6124
2.87,5.5306,4.8416,-1.6196,-1.6196,2.6747,3.3311,5.4711
3.1383,5.6617,4.9488,-1.838,-1.838,2.7137,3.7237,6.4406
3.1726,5.6251,4.9268,-1.7649,-1.7649,2.8147,5.3575,4.5273
3.1183,5.4517,4.6328,-1.6365,-1.6365,2.8765,3.3079,5.5023
2.8734,5.2671,4.7777,-1.3624,-1.3624,2.4223,1.5167,6.0302
2.8285,5.375,4.9431,-1.6867,-1.6867,2.2819,5.4026,3.8268
2.8887,5.6709,5.327,-2.177,-2.177,2.6503,2.3728,6.7244
2.4845,6.0716,6.061,-2.0468,-2.0468,2.8252,-0.23977,8.2154
2.5829,6.8081,7.0281,-2.5797,-2.5797,2.8439,3.8957,6.1195
2.5466,6.6307,6.7337,-2.6813,-2.6813,2.9928,6.0902,-2.1326
2.9129,6.342,6.0618,-2.5673,-2.5673,2.9804,5.0992,5.3869
3.2315,6.2691,6.1189,-2.7487,-2.7487,3.4957,4.7497,7.4947
3.5485,5.9161,5.4552,-2.7853,-2.7853,3.9698,6.4006,1.7499
3.5608,5.4698,4.99,-2.5061,-2.5061,3.4507,4.1954,5.0662
3.5921,5.2304,4.4267,-2.2098,-2.2098,3.3267,5.7571,2.96
4.0625,5.4753,5.3607,-2.8193,-2.8193,3.8862,6.7771,3.8524
4.6643,5.3633,5.7435,-3.2641,-3.2641,4.9978,7.4354,5.2962
5.1951,5.539,5.7179,-3.9184,-3.9184,5.8621,6.0064,6.0401
5.6632,5.3618,5.2042,-3.8321,-3.8321,6.4313,7.6293,4.3385
5.8036,5.2186,4.7099,-3.6491,-3.6491,6.1535,6.7797,4.5491
5.0297,5.3547,4.7796,-3.0689,-3.0689,5.7142,6.2336,-0.20563
4.8111,5.2176,4.1783,-3.1443,-3.1443,5.1262,6.1701,5.0184
4.6134,5.3837,4.6342,-2.8565,-2.8565,5.1486,0.30165,8.1415
4.4206,5.4306,4.3948,-2.8639,-2.8639,5.1851,1.186,8.316
4.7537,5.8744,4.7033,-3.4415,-3.4415,5.8503,6.4032,5.6802
4.9088,5.9846,4.5427,-3.9209,-3.9209,5.9469,4.98,6.9848
5.3743,6.1381,5.6077,-4.2833,-4.2833,6.9496,7.6265,3.4373
5.8545,6.8587,6.6182,-5.7197,-5.7197,9.782,-1.965,11.099
5.615,6.1048,6.0301,-5.4837,-5.4837,10.191,4.1491,6.9615
5.9287,6.0914,5.3292,-4.5988,-4.5988,9.1107,-3.6501,7.7634
5.2427,5.7573,5.2578,-3.4495,-3.4495,7.779,3.9619,5.188
4.9928,6.2151,5.3556,-4.1078,-4.1078,7.4417,2.2652,8.7949
4.6351,6.1135,5.6879,-3.9194,-3.9194,6.0018,4.3008,7.1346
4.6422,5.9583,5.7066,-4.0991,-4.0991,6.1689,7.9263,0.89501
4.9992,6.2131,6.1446,-4.7455,-4.7455,7.1724,4.6338,8.4083
5.2008,5.661,6.2262,-4.7412,-4.7412,9.5847,5.306,-4.9056
5.6684,5.4794,6.611,-5.4838,-5.4838,11.037,5.1219,-6.0274
6.4097,5.7598,8.1697,-6.8413,-6.8413,14.532,5.2345,8.1941
5.5745,5.1209,6.8757,-5.8076,-5.8076,9.9726,4.1297,6.6577
5.1338,5.1403,5.7979,-4.6618,-4.6618,7.9307,6.7538,4.9646
4.6317,5.0226,4.8691,-3.3753,-3.3753,5.6553,4.4957,4.9716
4.3787,4.9613,4.3363,-2.7586,-2.7586,4.4627,5.1707,4.6238
4.2213,4.9363,3.9366,-2.3932,-2.3932,3.8185,3.7136,5.9821
4.0958,4.9701,3.6773,-2.1409,-2.1409,3.4787,3.4884,6.0856
4.0281,4.9966,3.6695,-2.0834,-2.0834,3.4057,3.1308,3.6798
3.8849,5.0228,3.5063,-2.0072,-2.0072,3.1823,3.7195,5.9879
3.8747,4.9162,3.3431,-1.903,-1.903,3.1541,4.3203,5.2259
3.8003,4.8332,3.3788,-1.8211,-1.8211,3.0456,4.2707,5.3657
3.7137,4.855,3.5146,-1.7796,-1.7796,3.0946,2.3732,6.3707
3.7549,4.9645,3.6516,-1.8942,-1.8942,3.2194,3.8212,5.9642
3.5988,5.0136,3.7219,-1.8958,-1.8958,3.1521,2.381,6.4231
3.7248,5.1338,3.8491,-1.9575,-1.9575,3.2836,4.4581,3.1214
3.5005,4.898,3.6685,-1.9603,-1.9603,3.0353,3.1595,5.6875
3.2617,4.6172,3.5434,-1.7589,-1.7589,2.7846,2.8642,5.3218
3.0571,4.5961,3.5008,-1.6102,-1.6102,2.6229,4.7073,3.0327
2.9152,4.6282,3.4658,-1.5989,-1.5989,2.5332,2.1744,5.8017
2.9348,4.7085,3.5912,-1.6401,-1.6401,2.5803,3.3464,5.5086
2.8648,4.7027,3.7239,-1.6095,-1.6095,2.5719,2.1028,5.7325
2.6405,4.7062,3.9544,-1.4732,-1.4732,2.4101,1.7819,2.8785
2.3708,4.7548,4.0004,-1.3443,-1.3443,2.2575,1.0687,5.8796
2.2906,4.8334,4.0139,-1.3697,-1.3697,2.2566,2.1975,5.6673
2.2365,4.9714,4.1821,-1.404,-1.404,2.271,2.0944,5.777
2.1893,4.9773,4.1404,-1.3322,-1.3322,2.2154,1.3865,5.0472
2.1426,5.0772,4.2857,-1.3467,-1.3467,2.1224,2.0059,5.9649
2.1246,5.0492,4.2186,-1.2817,-1.2817,2.0941,2.0365,5.8079
2.1138,5.0382,4.125,-1.2221,-1.2221,2.0033,2.3316,5.7937
2.0921,5.0394,4.1485,-1.188,-1.188,1.9971,2.448,6.0303
2.0922,5.1172,4.249,-1.2162,-1.2162,1.9714,1.891,5.9784
2.0587,5.0859,4.1815,-1.2223,-1.2223,1.9776,2.4866,5.7061
2.1781,5.3217,4.5398,-1.3536,-1.3536,2.2152,2.071,6.6274
2.2257,5.3495,4.5565,-1.4113,-1.4113,2.3238,-0.20662,6.1548
2.3262,5.2902,4.4712,-1.463,-1.463,2.2666,3.1685,5.6853
2.4275,5.2478,4.4325,-1.4612,-1.4612,2.2176,3.0003,5.7567
2.4814,5.143,4.2491,-1.4542,-1.4542,2.2396,-2.1672,4.7088
2.5635,5.0501,4.2128,-1.4801,-1.4801,2.2989,3.2635,5.5359
2.6271,5.218,4.401,-1.5878,-1.5878,2.4051,2.4583,6.4817
2.6274,5.2622,4.2948,-1.5548,-1.5548,2.4566,2.7191,6.1037
2.6261,5.3533,4.3226,-1.5928,-1.5928,2.4609,-2.7558,5.6178
2.6357,5.4178,4.2822,-1.6358,-1.6358,2.4073,2.3384,6.3983
2.6031,5.4724,4.2429,-1.6014,-1.6014,2.3338,2.5747,6.2684
2.5581,5.4951,4.2543,-1.5864,-1.5864,2.2737,-0.57745,6.7001
2.5274,5.5292,4.2284,-1.5113,-1.5113,2.197,2.3198,6.3962
2.5046,5.5378,4.249,-1.522,-1.522,2.2064,1.9658,6.6353
2.4944,5.5171,4.2633,-1.5096,-1.5096,2.1819,5.5583,1.4246
2.4833,5.5445,4.2155,-1.5061,-1.5061,2.1881,2.3511,6.3956
2.4747,5.5533,4.1873,-1.5163,-1.5163,2.229,2.1729,6.4155
2.444,5.5577,4.201,-1.4947,-1.4947,2.206,5.1009,1.7655
2.4759,5.5543,4.2198,-1.4968,-1.4968,2.1729,2.2905,6.4073
2.4656,5.5565,4.2159,-1.4929,-1.4929,2.1621,2.4314,6.3352
2.6313,5.6093,4.3104,-1.5165,-1.5165,2.2475,1.8527,4.8373
2.5876,5.5716,4.2341,-1.4829,-1.4829,2.1087,2.3481,6.4001
2.5433,5.5544,4.2703,-1.4919,-1.4919,2.0928,2.343,6.3997
2.6489,5.7296,4.4404,-1.6117,-1.6117,2.4372,1.9826,7.3575
2.731,5.8234,4.4795,-1.7308,-1.7308,2.6164,1.478,4.5684
2.8527,5.6978,4.1883,-1.7251,-1.7251,2.4152,3.754,5.977
2.7853,5.5501,4.1673,-1.643,-1.643,2.2333,2.6894,6.1762
2.712,5.5239,4.0925,-1.6179,-1.6179,2.2229,2.1391,5.6579
2.8383,5.5681,4.1347,-1.6703,-1.6703,2.3797,3.6161,6.0726
2.9477,5.5265,4.121,-1.7224,-1.7224,2.4585,3.7287,5.9621
3.0576,5.4965,4.174,-1.7384,-1.7384,2.5412,-0.064329,8.1097
3.1012,5.6087,4.1842,-1.7419,-1.7419,2.7662,2.512,7.0939
3.1368,5.6652,4.1744,-1.829,-1.829,2.9256,2.4731,7.0879
2.9807,5.6184,4.1488,-1.7577,-1.7577,2.8783,0.74831,7.081
3.0458,5.5438,4.0681,-1.8286,-1.8286,2.8182,0.35282,5.649
3.1185,5.4839,4.0028,-1.8589,-1.8589,2.7575,3.7025,6.0063
2.9932,5.4044,4.0148,-1.7703,-1.7703,2.5921,2.7041,6.29
2.8921,5.3754,4.0077,-1.7267,-1.7267,2.5302,-1.992,5.6436
2.9685,5.4455,4.0757,-1.7368,-1.7368,2.5964,3.6906,6.0125
2.8923,5.4124,4.0229,-1.6504,-1.6504,2.4755,2.6225,6.3552
2.9928,5.4723,4.0651,-1.6795,-1.6795,2.5673,0.014858,5.1682
2.9164,5.401,4.0986,-1.6561,-1.6561,2.4885,2.2773,6.4279
3.0208,5.4454,4.1656,-1.7202,-1.7202,2.571,3.8657,5.9176
2.9501,5.3946,4.1805,-1.7095,-1.7095,2.4379,5.6139,2.9378
2.8839,5.4015,4.0864,-1.6402,-1.6402,2.3131,2.3252,6.4189
2.8338,5.4295,4.0552,-1.6299,-1.6299,2.303,2.5446,6.2131
2.785,5.4212,3.9941,-1.5887,-1.5887,2.2893,4.8539,1.0814
2.8152,5.5313,4.169,-1.5581,-1.5581,2.3657,2.3391,6.387
2.9504,5.2547,4.5054,-1.3553,-1.3553,2.1051,2.2149,5.9849
2.9156,5.1186,4.1846,-1.4364,-1.4364,2.2251,3.9656,4.4549
2.9894,5.1272,4.2859,-1.5332,-1.5332,2.3359,3.0672,4.6726
2.9469,4.982,4.0061,-1.5257,-1.5257,2.3508,3.8855,4.8812
3.1673,4.8273,3.9442,-1.5595,-1.5595,2.6596,5.1607,3.3939
3.2982,4.668,3.8856,-1.6612,-1.6612,2.6527,3.1087,4.1569
3.3121,4.8323,4.4682,-1.8577,-1.8577,2.8178,1.2666,6.3869
3.1629,5.0451,5.2644,-1.8931,-1.8931,2.8666,-0.41621,6.4432
3.1981,5.152,5.2516,-2.06,-2.06,2.8678,1.5325,6.3713
3.1582,5.1596,5.1095,-2.0167,-2.0167,2.7913,3.5038,5.6027
3.0991,5.1839,5.0252,-2,-2,2.6508,3.0448,5.88
3.1581,5.0945,4.5152,-1.8702,-1.8702,2.6093,4.4505,5.0423
3.4577,5.0149,4.6056,-1.8371,-1.8371,2.8307,3.4631,5.2728
3.6632,4.8306,5.0527,-1.8673,-1.8673,2.9599,6.7985,2.2674
3.6744,4.6511,5.608,-2.028,-2.028,2.9694,5.4896,4.0055
3.9023,4.8337,6.3779,-2.4479,-2.4479,3.3095,5.6176,5.1752
4.6557,5.0604,6.8155,-3.1425,-3.1425,4.5586,5.0038,6.3389
4.9949,5.1379,6.3462,-3.3186,-3.3186,4.9716,6.0177,5.542
4.9727,5.1783,5.8356,-3.215,-3.215,4.7906,4.326,6.5007
4.7362,4.9906,5.1046,-2.8287,-2.8287,4.3989,4.2505,5.7801
4.5915,4.8712,4.3271,-2.5719,-2.5719,4.0325,5.0852,5.3484
4.5952,4.7978,3.8778,-2.4279,-2.4279,3.8929,5.0091,5.5167
4.6292,4.7553,3.6606,-2.3137,-2.3137,3.8577,2.8635,6.0043
4.4576,4.6976,3.5981,-2.2598,-2.2598,3.6689,3.6237,6.1723
4.5242,4.7485,3.5622,-2.2772,-2.2772,3.8047,5.4929,4.9724
4.3201,4.6841,3.4782,-2.1398,-2.1398,3.5745,1.1188,5.4854
4.0538,4.775,3.6694,-2.1339,-2.1339,3.3936,2.0365,6.5989
3.9944,4.9179,3.6704,-2.1899,-2.1899,3.3801,2.9387,6.3918
3.9081,4.9447,3.5644,-2.1191,-2.1191,3.2981,3.0951,7.5626
3.8393,5.1767,3.7483,-2.2086,-2.2086,3.5314,2.46,7.1126
3.9404,5.365,4.0412,-2.3287,-2.3287,3.7746,4.4984,6.3415
4.0607,5.5915,4.2908,-2.5219,-2.5219,3.7907,4.0165,4.8714
4.0617,5.6292,4.1015,-2.4018,-2.4018,3.7296,4.2344,6.5579
3.8363,5.6157,4.0801,-2.266,-2.266,3.4275,2.3819,7.1325
3.8606,5.6901,4.0772,-2.2837,-2.2837,3.5165,4.2408,7.4421
3.9278,5.7023,3.904,-2.2609,-2.2609,3.4884,4.1523,6.594
3.7742,5.6954,3.9442,-2.1502,-2.1502,3.3241,2.3163,7.1596
3.8306,5.7735,3.9935,-2.1432,-2.1432,3.3263,3.144,6.3643
3.7453,5.85,4.1738,-2.1937,-2.1937,3.1362,2.2723,7.2493
3.6068,5.9338,4.3768,-2.1936,-2.1936,2.9698,2.2359,7.213
3.4682,5.7501,4.0445,-2,-2,2.7316,2.1091,6.6286
3.4052,5.8326,3.9909,-1.9196,-1.9196,2.6611,2.5579,7.0755
3.3596,5.8446,3.9426,-1.9139,-1.9139,2.4158,3.2497,6.5215
3.3195,6.0127,4.1761,-1.9639,-1.9639,2.3864,3.4087,6.308
3.2237,6.037,4.1704,-1.8986,-1.8986,2.3771,2.5593,7.0352
3.1333,6.0411,4.124,-1.8266,-1.8266,2.2955,2.9135,6.9328
3.07,6.065,4.0845,-1.7709,-1.7709,2.2575,4.9818,5.294
3.2095,6.282,4.4039,-1.8413,-1.8413,2.17,4.0699,6.7163
3.3087,6.2601,4.4281,-1.8015,-1.8015,2.3376,4.2524,6.5475
3.367,6.1859,4.32,-1.8346,-1.8346,2.3764,6.386,5.2011
3.4862,6.2467,4.3492,-1.8984,-1.8984,2.3013,4.1459,6.6826
3.5557,6.2005,4.2996,-1.8576,-1.8576,2.4367,3.8517,6.7531
3.387,6.0428,4.2008,-1.8132,-1.8132,2.32,6.667,2.3957
3.2496,6.018,4.1876,-1.8041,-1.8041,2.331,2.5273,7.0659
3.3819,6.1923,4.4534,-1.934,-1.934,2.3611,3.5032,7.0663
3.5116,6.2585,4.501,-1.9472,-1.9472,2.4622,5.5813,4.0649
3.4019,6.2088,4.5826,-1.8997,-1.8997,2.2951,2.3743,7.2132
3.4696,6.2769,4.6187,-1.951,-1.951,2.3324,4.1424,6.6816
3.5109,6.1747,4.3683,-1.932,-1.932,2.433,3.2593,6.8026
3.4368,5.9652,4.3219,-1.9594,-1.9594,2.3808,3.466,6.4001
3.5471,6.0023,4.285,-1.9452,-1.9452,2.5909,3.9722,6.6847
3.6539,5.9898,4.3231,-1.9846,-1.9846,2.7485,2.3077,4.849
3.76,5.9602,4.2667,-1.999,-1.999,2.8748,4.132,6.625
3.6226,5.8776,4.2169,-1.9491,-1.9491,2.716,2.7495,7.0614
3.6941,6.0213,4.2576,-2.1225,-2.1225,2.6995,4.2854,6.2129
3.7321,5.9689,4.1239,-2.0956,-2.0956,2.7639,4.1869,6.581
3.6208,5.7069,3.9438,-1.9946,-1.9946,2.6053,3.5956,6.1334
3.5194,5.7543,3.9006,-1.9075,-1.9075,2.6029,2.4823,5.8352
3.3373,5.6926,4.2278,-1.9479,-1.9479,2.3898,1.7548,6.8227
3.256,5.8158,4.2481,-1.9669,-1.9669,2.4822,2.0967,7.1494
3.2382,5.8323,4.2556,-2.0306,-2.0306,2.4049,2.1659,8.0678
3.4302,5.8794,4.4824,-2.0921,-2.0921,2.5344,5.1796,5.402
3.5872,5.7199,4.4011,-2.0406,-2.0406,2.6755,5.0615,5.3928
3.7366,5.6016,4.2504,-1.9937,-1.9937,2.6908,4.078,5.9032
3.8894,5.5163,4.1623,-1.9991,-1.9991,2.7378,5.1753,5.2468
3.9602,5.412,4.0981,-2.0403,-2.0403,2.847,5.3583,4.9124
4.096,5.5113,4.0973,-2.0666,-2.0666,3.1126,5.3128,5.5763
4.191,5.5374,4.0585,-2.1105,-2.1105,3.2165,4.1607,6.5886
4.2077,5.5288,3.8833,-2.1285,-2.1285,3.2196,4.1457,6.6599
4.2154,5.3548,3.6367,-2.1313,-2.1313,3.2184,4.9059,4.7859
4.2916,5.4014,3.6337,-2.1359,-2.1359,3.436,4.1417,6.6256
4.2772,5.4289,3.6497,-2.1882,-2.1882,3.4959,4.327,6.4533
4.3443,5.6693,3.8767,-2.3549,-2.3549,3.8882,4.8076,6.7061
4.5674,5.8665,4.3308,-2.5485,-2.5485,4.2523,4.5743,7.3976
4.6864,5.9142,4.3561,-2.4701,-2.4701,4.5435,4.1086,7.8334
4.443,5.7671,4.0508,-2.4217,-2.4217,4.3082,3.5715,7.6385
4.5931,5.8721,4.2387,-2.4688,-2.4688,4.7478,5.3412,6.3982
4.7218,5.9595,4.2287,-2.486,-2.486,4.9868,4.3672,7.6346
4.617,5.973,4.3244,-2.5575,-2.5575,4.8198,2.501,7.786
4.4536,5.9402,4.3408,-2.4794,-2.4794,4.7366,3.0474,7.8041
4.3338,5.8879,4.3195,-2.5306,-2.5306,4.8751,3.5371,6.5332
4.1882,5.802,4.2924,-2.6874,-2.6874,4.9569,2.2576,8.1509
4.0941,5.9116,4.3328,-2.8587,-2.8587,4.8728,2.8076,7.8907
4.031,6.0552,4.4972,-2.8426,-2.8426,4.7243,-0.5442,5.5493
3.9571,6.1571,4.8423,-2.8557,-2.8557,4.6044,2.6016,7.9274
3.8966,6.2374,4.8022,-2.8163,-2.8163,4.4972,3.0064,7.7019
3.8218,6.218,4.7973,-2.7409,-2.7409,4.5809,1.7958,8.2802
3.8393,6.1143,4.6635,-2.67,-2.67,4.0773,5.2635,7.5281
3.8434,6.0565,4.6315,-2.5835,-2.5835,3.8196,4.0104,6.7581
3.8044,6.1247,4.5384,-2.4358,-2.4358,3.9295,2.2123,8.0874
3.8508,6.2472,4.535,-2.4574,-2.4574,4.0842,2.4715,8.1001
3.8626,6.3306,4.6729,-2.5494,-2.5494,4.0242,-0.42624,7.1175
3.8636,6.3525,4.5715,-2.5568,-2.5568,4.0065,2.6263,7.914
3.7937,6.4377,4.6483,-2.5336,-2.5336,3.8421,2.8528,7.8776
3.7238,6.4182,4.5488,-2.4237,-2.4237,3.854,3.0543,7.8041
3.7485,6.2743,4.4311,-2.412,-2.412,3.4827,5.92,-1.4203
3.7672,6.0905,4.2334,-2.3023,-2.3023,3.483,4.2041,6.5712
3.8208,6.103,4.1186,-2.2808,-2.2808,3.2897,3.9687,6.7527
3.8164,6.0233,3.9817,-2.1544,-2.1544,3.2136,5.5266,6.4514
3.8622,6.0558,4.105,-2.1845,-2.1845,3.0789,4.144,6.6798
3.9094,6.0735,4.1795,-2.1648,-2.1648,2.9557,3.7911,6.8102
3.9323,6.0977,4.0611,-2.1281,-2.1281,2.8729,3.5306,7.906
3.9407,6.2306,4.166,-2.117,-2.117,3.0742,2.6805,7.8644
3.9374,6.1588,4.1453,-2.1629,-2.1629,2.9842,4.1108,6.7375
4.1227,6.2313,4.3949,-2.1658,-2.1658,3.443,4.3888,7.7597
4.0716,6.2192,4.3946,-2.1221,-2.1221,3.4842,4.0278,7.4827
4.0071,6.1972,4.4929,-2.2616,-2.2616,3.7517,2.3089,8.1364
3.9916,6.2823,4.565,-2.4851,-2.4851,3.7853,2.2082,8.0021
3.9247,6.2591,4.5035,-2.4112,-2.4112,3.8599,2.2672,8.2375
3.8689,6.203,4.4934,-2.4209,-2.4209,4.0736,5.362,5.1997
3.8401,6.2046,4.5795,-2.4359,-2.4359,4.0709,2.2646,8.1589
4.0739,5.7508,4.7817,-1.9876,-1.9876,3.9576,1.7934,10.963
3.9093,5.6099,5.0007,-1.89,-1.89,3.4641,6.8482,7.3692
3.9713,5.6999,5.5974,-2.0461,-2.0461,3.4344,8.6846,-2.8624
4.2474,5.8176,6.1537,-2.4067,-2.4067,3.9066,5.0668,8.6074
3.5839,5.1513,5.6732,-2.1955,-2.1955,3.3931,1.6386,5.6574
2.9694,4.8459,5.6133,-1.9062,-1.9062,2.5074,3.201,5.6079
2.6865,4.8608,6.2243,-1.5957,-1.5957,2.4608,-1.6007,5.235
2.2629,5.0457,7.0582,-1.4709,-1.4709,2.4084,-2.4732,5.399
1.948,5.0262,6.8752,-1.3452,-1.3452,2.2183,-0.29019,5.7813
1.6638,5.3232,8.4851,-1.1328,-1.1328,2.7314,2.0793,5.9639
1.4299,5.596,8.8279,-1.0468,-1.0468,2.7684,3.414,7.9394
1.1417,5.6495,8.9487,-0.90126,-0.90126,2.3224,-1.3352,6.3321
0.53924,5.7885,7.9896,-0.44762,-0.44762,2.1942,1.4321,5.071
0.35392,5.8364,7.6279,-0.30745,-0.30745,2.2014,-1.1212,6.4496
0.21533,6.0414,8.2439,0.090766,0.090766,2.1654,-1.6517,6.6573
-0.17798,5.635,7.0731,0.33658,0.33658,1.8237,1.901,1.6746
-0.26746,5.8115,6.9304,0.42768,0.42768,1.8069,2.8805,7.0529
-0.66738,5.6748,6.3917,0.773,0.773,1.7241,-3.1856,5.4241
-0.94245,5.5692,5.7443,0.81004,0.81004,1.5548,1.6713,7.5568
-1.1194,5.5339,5.3899,0.9195,0.9195,1.527,-1.8977,6.005
-1.348,5.6724,5.4137,0.89603,0.89603,1.6089,-2.0498,6.2181
-1.7465,5.9309,6.0035,1.1957,1.1957,1.8751,1.5513,7.7775
-2.0937,6.0433,5.9944,1.4936,1.4936,2.0392,-3.9867,6.0969
-2.3926,5.8563,5.6809,1.4723,1.4723,2.1782,-4.4047,5.3668
-2.3877,5.5867,5.3617,1.2911,1.2911,2.0501,0.92241,7.8165
-2.719,5.7531,5.2146,1.6135,1.6135,2.3693,-2.716,7.1282
-3.0673,5.9756,5.1274,2.0725,2.0725,3.0206,-0.91482,8.34
-3.0422,5.8722,4.8284,2.0789,2.0789,2.7447,-2.5771,4.9176
-3.0474,5.9517,4.7153,2.1935,2.1935,2.7961,-2.7762,7.1335
-3.0035,5.9706,4.5937,2.4903,2.4903,3.405,-4.0638,6.0427
-2.8187,5.7287,4.4593,2.273,2.273,3.2234,-6.4243,1.2512
-2.6114,5.4431,4.327,2.0424,2.0424,2.826,0.24271,6.7994
-2.4357,5.4893,4.5317,2.1431,2.1431,2.9701,2.4436,7.418
-2.3281,5.4353,4.628,2.307,2.307,3.0597,-6.6397,2.1355
-2.2553,5.5377,4.9523,2.3045,2.3045,3.2611,1.106,7.9822
-2.2847,5.7547,5.4554,2.5186,2.5186,3.4845,1.1794,8.1172
-2.3206,5.7094,5.4556,2.496,2.496,3.1333,-0.1255,7.1921
-2.561,5.7403,5.6217,2.4063,2.4063,3.3063,-7.4251,4.1867
-2.707,5.4896,5.4518,2.1527,2.1527,3.0326,-1.044,6.3568
-2.7736,5.2973,5.4561,2.073,2.073,2.9285,-1.1857,6.295
-2.7741,5.2899,5.773,2.1631,2.1631,3.1643,0.26344,6.6689
-2.7992,5.2555,5.9423,2.2795,2.2795,3.482,-6.5374,1.9946
-2.788,5.2889,6.2724,2.4353,2.4353,3.5915,0.55532,6.779
-2.9305,5.4784,6.0298,2.8091,2.8091,4.1459,0.23904,8.155
-2.9954,5.7428,6.0285,3.2258,3.2258,4.3879,-3.1077,3.3789
-2.9823,5.622,5.4619,3.038,3.038,4.0451,-2.2432,6.9478
-2.8502,5.503,5.2776,2.9365,2.9365,4.3097,-5.5076,1.8024
-2.6396,5.2487,5.077,2.8892,2.8892,4.3852,-3.5041,5.4411
-2.7764,5.3223,5.3312,3.0998,3.0998,4.3838,-2.2388,6.9375
-2.6644,5.3102,5.4391,3.1889,3.1889,4.5585,-3.7746,5.3602
-2.6309,5.318,5.6953,3.3072,3.3072,4.591,-4.1054,6.2549
-2.5952,5.4413,5.9438,3.332,3.332,4.7639,0.90602,8.0247
-2.5597,5.5141,6.1222,3.3314,3.3314,4.8022,0.46269,8.0923
-2.5147,5.5826,6.2411,3.3068,3.3068,4.826,1.2639,7.8289
-2.5438,5.576,6.1037,3.0883,3.0883,4.3904,-5.0026,4.9343
-2.6459,5.7299,6.2302,3.1574,3.1574,4.5775,0.024927,8.2172
-2.641,5.6596,6.1871,3.2319,3.2319,4.6322,1.2831,7.9205
-2.564,5.4676,6.0037,3.1859,3.1859,4.5037,-5.3242,6.2507
-2.6864,5.4214,5.9949,3.2008,3.2008,4.3196,-1.9612,7.0936
-2.7859,5.4158,5.8196,3.0978,3.0978,4.2353,-2.1365,6.9381
-2.8081,5.4174,5.7581,3.2567,3.2567,4.5703,-6.5433,2.6647
-2.8598,5.2265,5.4251,3.0582,3.0582,4.4076,-5.4397,1.1134
-2.8604,5.0722,5.3445,3.1539,3.1539,4.7778,-5.4551,0.91523
-3.004,5.0529,5.3603,3.2081,3.2081,4.7744,-5.2823,3.1083
-2.9496,5.0478,5.2311,3.0357,3.0357,4.4955,-4.5179,2.366
-2.8511,5.1314,5.454,3.2118,3.2118,4.5895,2.6213,7.3619
-2.723,4.9681,5.3369,3.1536,3.1536,4.6497,-3.7924,4.6355
-2.8188,4.8649,5.3473,3.1621,3.1621,4.7371,-4.9851,2.9354
-2.9388,4.5748,4.8868,2.9078,2.9078,4.1656,-4.8976,4.4484
-3.0887,4.5982,4.6924,2.8598,2.8598,4.4048,-3.1147,5.904
-3.1846,4.6707,4.7694,2.9261,2.9261,4.4775,-2.6812,6.2291
-3.0313,4.6887,4.5497,2.8435,2.8435,4.5828,-3.8201,4.6091
-2.935,4.7496,4.5884,2.8992,2.8992,4.7416,-0.14335,7.8164
-2.9931,4.7395,4.6579,2.916,2.916,5.0193,-5.4392,1.1444
-2.7948,4.4719,4.5292,2.9691,2.9691,4.8835,-4.0074,3.9511
-2.8143,4.6055,4.7321,2.9815,2.9815,4.8511,-3.5922,5.8721
-2.6931,4.8045,4.9537,2.8498,2.8498,4.6157,0.014156,7.189
-2.5126,4.8214,4.9872,2.8855,2.8855,4.602,-1.6308,6.1795
-2.6215,4.9077,5.4089,3.2137,3.2137,5.0068,-3.8089,5.0291
-2.7359,4.9559,5.6445,3.2357,3.2357,5.079,-3.2754,6.6562
-2.6838,4.9992,5.7264,3.2908,3.2908,5.0736,2.5096,7.438
-2.6927,5.1094,5.6682,3.262,3.262,4.8628,-2.0397,6.7631
-2.4447,5.0255,5.4349,3.0021,3.0021,4.636,-2.9765,6.2678
-2.3878,4.9655,5.4603,2.9726,2.9726,4.5815,-4.3663,3.8662
-2.3885,4.9723,5.482,2.9374,2.9374,4.5087,-4.3936,3.8215
-2.2726,4.9574,5.315,2.7286,2.7286,4.2151,-2.7848,5.3287
-2.135,5.051,5.5024,2.6514,2.6514,4.0049,-1.3381,6.2005
-2.0846,5.1387,5.628,2.6778,2.6778,4.0568,-4.3211,3.9441
-2.1029,5.1767,5.5638,2.6936,2.6936,4.0639,-4.5766,3.583
-2.1064,5.2032,5.5079,2.6596,2.6596,3.9666,-3.6644,4.768
-2.1123,5.2813,5.6269,2.6326,2.6326,3.8615,0.96578,4.5856
-2.1056,5.2936,5.4337,2.5895,2.5895,3.7612,-4.3644,3.8606
-2.0778,5.3557,5.5604,2.6073,2.6073,3.722,-0.46343,6.919
-2.0358,5.3536,5.6269,2.782,2.782,3.9895,-2.8739,5.5005
-2.0442,5.3533,5.6261,2.6883,2.6883,3.8525,0.27327,6.221
-2.0174,5.3771,5.6169,2.6855,2.6855,3.9044,-0.37332,6.9393
-1.9927,5.3984,5.7411,2.6647,2.6647,3.8373,-0.53136,6.884
-1.9645,5.4085,5.8018,2.6704,2.6704,3.8128,-0.61193,6.9019
-1.82,5.2994,5.6355,2.6752,2.6752,3.8385,-1.3941,7.86
-1.8285,5.2997,6.0872,2.968,2.968,4.118,-3.7701,4.821
-1.9988,5.2775,6.2791,3.0322,3.0322,4.3517,-5.3613,1.0143
-2.0199,5.2912,6.1404,2.9229,2.9229,4.1888,-4.827,2.7632
-2.0133,5.2817,6.0524,2.8846,2.8846,4.1601,0.26024,5.017
-1.9773,5.371,5.9645,2.6707,2.6707,3.8447,-0.54131,6.8922
-1.9552,5.3426,5.8745,2.6378,2.6378,3.8469,-3.6929,4.961
-1.9347,5.2869,6.0292,2.86,2.86,4.169,-4.2017,4.1396
-1.9376,5.278,6.2842,3.0157,3.0157,4.2375,-0.046212,6.6323
-1.9392,5.2805,6.5587,3.0606,3.0606,4.2427,-3.7354,4.8475
-1.9503,5.2425,6.6313,3.1348,3.1348,4.3649,-3.7261,4.9469
-2.0215,5.2333,6.4362,2.9483,2.9483,4.1604,-3.7149,4.9755
-2.0199,5.2665,6.3719,2.9041,2.9041,4.1054,2.0991,6.5024
-1.8528,5.2464,6.3155,2.8655,2.8655,4.0455,-2.0783,5.8824
-1.9413,5.3759,6.4091,2.9198,2.9198,4.0221,-0.33155,7.3181
-2.0606,5.3926,6.7462,3.1569,3.1569,4.481,-3.6443,4.921
-2.2182,5.3642,6.6602,3.1183,3.1183,4.4538,3.3422,6.8905
-2.3299,5.2896,6.2248,3.1318,3.1318,4.5882,-5.4248,1.3806
-2.4233,5.2142,6.0864,3.1325,3.1325,4.6727,-5.4793,1.3465
-2.482,5.1227,6.082,3.3609,3.3609,5.1959,-5.3872,0.16916
-2.603,5.0069,5.8927,3.3341,3.3341,5.2257,3.7041,5.3288
-2.6363,4.9329,5.943,3.4395,3.4395,5.6387,-5.3965,1.4504
-2.7738,4.8251,5.7509,3.4066,3.4066,5.582,-5.379,1.8217
-2.8554,4.7645,5.5782,3.3494,3.3494,5.5812,-5.3885,1.3122
-2.7703,4.6474,5.4266,3.3441,3.3441,5.547,-3.7127,3.4051
-2.9148,4.5121,5.5376,3.5224,3.5224,5.9905,-5.4248,1.2211
-3.0624,4.4944,5.5584,3.5597,3.5597,6.0972,-5.5638,0.9891
-3.1305,4.4342,5.438,3.4992,3.4992,6.2248,-5.5082,0.66587
-3.014,4.4815,5.3895,3.4551,3.4551,6.0621,-4.0635,5.0867
-3.1009,4.466,5.4782,3.6189,3.6189,6.4378,-5.4707,0.56172
-3.1702,4.4733,5.4104,3.5933,3.5933,6.3675,-5.4344,0.34014
-3.1828,4.375,5.2735,3.6473,3.6473,6.7989,-5.5903,1.0516
-3.2314,4.3053,5.139,3.5827,3.5827,6.6187,-5.4507,2.8497
-3.3096,4.2597,4.9777,3.5249,3.5249,6.5686,-5.4072,1.2126
-3.4545,4.2281,5.0733,3.4799,3.4799,6.7605,-5.6816,-0.13381
-3.4205,4.2205,4.8956,3.3962,3.3962,6.645,-5.6217,1.1032
-3.5545,4.1923,4.9445,3.4089,3.4089,6.8275,-4.0777,0.73979
-3.4824,4.144,4.9273,3.443,3.443,6.7914,-5.4489,1.2024
-3.477,4.1247,4.7574,3.4143,3.4143,6.7055,-5.4146,0.6775
-3.4819,4.0352,4.5819,3.4598,3.4598,6.9786,-6.2863,0.23911
-3.5282,3.9617,4.487,3.331,3.331,6.8691,-5.4209,1.2949
-3.5642,3.9529,4.4035,3.2532,3.2532,6.9128,-5.338,1.151
-3.5728,3.8766,4.2313,3.2454,3.2454,7.1115,-5.5418,0.91124
-3.6639,3.8877,4.23,3.2321,3.2321,7.1735,-4.623,-2.1398
-3.7739,3.8743,4.2856,3.1526,3.1526,7.3515,-5.6376,-0.0067874
-3.8698,3.8778,4.4483,3.2784,3.2784,7.6877,-5.6201,-0.61481
-3.7521,3.8436,4.3073,3.2466,3.2466,7.3808,-5.602,0.91144
-3.6756,3.7797,4.1488,3.2705,3.2705,7.5579,-6.2854,1.8801
-3.6972,3.7466,4.1206,3.2467,3.2467,7.3431,-5.4382,1.2625
-3.6956,3.7624,4.1812,3.2464,3.2464,7.3416,-5.4263,1.7809
-3.705,3.7565,4.1335,3.2064,3.2064,7.2501,-5.4386,0.94274
-3.7086,3.7249,4.0996,3.1973,3.1973,7.3595,-3.5482,3.9612
-3.7137,3.7395,4.1007,3.1945,3.1945,7.2967,-5.4216,1.2788
-3.7063,3.7479,4.1204,3.2133,3.2133,7.3192,-5.3423,1.6978
-3.6891,3.76,4.0617,3.1724,3.1724,7.2613,-5.4152,0.64444
-3.8176,3.7784,4.2136,3.1671,3.1671,7.5832,-3.5245,5.5206
-3.7513,3.7809,4.0573,3.1306,3.1306,7.3684,-5.4297,1.1679
-3.8445,3.7956,4.1432,3.0737,3.0737,7.3439,-5.6408,-0.015292
-3.7896,3.8011,4.062,3.0583,3.0583,7.086,-5.4972,1.6198
-3.7552,3.8106,3.9686,3.0724,3.0724,7.0739,-4.6338,5.1039
-3.7383,3.8132,3.9268,3.0493,3.0493,6.9923,-5.4286,1.1225
-3.7352,3.8123,3.883,3.028,3.028,7.0163,-5.4222,1.5515
-3.6689,3.7021,3.8541,2.8681,2.8681,7.1078,-5.1192,-0.18478
-3.7941,3.7284,4.0551,3.0266,3.0266,7.4507,-3.939,3.7132
-3.8838,3.7116,4.4436,3.0279,3.0279,7.607,-1.9847,-6.1673
-4.043,3.8736,4.8652,3.3256,3.3256,7.8915,-0.13719,7.2649
-3.9537,3.8812,4.6612,3.2258,3.2258,7.5951,-5.4461,-0.91042
-3.9258,3.8947,4.5502,3.1852,3.1852,7.5922,-5.8403,-0.79157
-3.9188,3.8829,4.437,3.1799,3.1799,7.67,-2.2714,6.5695
-3.7683,3.8405,4.3602,3.1464,3.1464,7.365,-5.4298,1.3693
-3.6997,3.8357,4.2595,3.1474,3.1474,7.2584,-5.4203,1.4778
-3.6438,3.8039,4.0866,3.0962,3.0962,7.2529,-5.1896,1.8613
-3.632,3.8151,4.1355,3.1756,3.1756,7.3049,-1.5599,7.0441
-3.6509,3.8188,4.1541,3.1757,3.1757,7.3369,-5.4107,1.3595
-3.6503,3.8258,4.048,3.1341,3.1341,7.3392,-5.4442,1.8491
-3.6378,3.8457,4.0024,3.0675,3.0675,7.2528,-5.6133,0.66147
-3.8551,3.9805,4.2817,3.2785,3.2785,7.5121,-5.7163,2.846
-3.8839,4.0672,4.2362,3.2155,3.2155,7.0656,-1.9211,7.1196
-3.9941,4.2013,4.2782,3.2479,3.2479,7.0832,-5.8908,2.7301
-3.9867,4.1433,4.219,3.0969,3.0969,7.0703,-5.6967,1.1415
-4.1137,4.2129,4.5971,3.2172,3.2172,6.9706,-3.2123,5.6468
-4.1585,4.3094,4.9014,3.3288,3.3288,6.9011,-0.79091,7.2433
-4.024,4.2634,4.7224,3.1593,3.1593,6.6023,-5.7079,-0.079548
-3.7536,4.1878,4.3631,3.0932,3.0932,6.6201,-5.5469,1.11
-3.8044,4.0531,4.2974,3.166,3.166,6.9604,-4.6459,2.3692
-3.8586,3.9004,4.24,3.1709,3.1709,7.267,-5.6565,0.022543
-3.94,3.791,4.2094,3.0618,3.0618,7.0048,-5.6107,-0.044707
-3.8786,3.7398,3.99,2.9636,2.9636,6.7046,-5.4909,1.0651
-3.8213,3.7297,3.911,2.997,2.997,6.7564,-4.6622,2.8603
-3.9447,3.6712,4.218,3.0394,3.0394,7.038,-1.832,-6.1229
-3.9807,3.5751,4.0829,3.1009,3.1009,7.3647,-5.6831,-0.18118
-3.9037,3.4649,3.7663,3.0559,3.0559,7.2431,-5.3535,1.0128
-3.9027,3.3603,3.6876,3.0545,3.0545,7.2659,-4.4005,1.6791
-3.9263,3.2733,3.5252,2.8932,2.8932,7.1708,-5.432,1.2198
-3.9637,3.2122,3.4198,2.773,2.773,7.1377,-5.3306,1.4206
-4.0064,3.0899,3.2716,2.7478,2.7478,7.2956,-5.3692,2.4614
-4.0741,2.9703,3.1498,2.624,2.624,7.4266,-5.4342,1.1453
-4.1208,2.9061,3.1118,2.5966,2.5966,7.3234,-5.5128,1.2961
-4.1187,2.842,2.9967,2.5026,2.5026,7.2709,-6.8649,0.6092
-4.0702,2.7816,2.9974,2.3041,2.3041,7.0934,-4.9434,-0.67086
-4.1103,2.8327,3.05,2.3637,2.3637,7.2725,-5.5255,0.84027
-4.1067,2.8057,3.0434,2.4056,2.4056,7.4844,-5.4971,1.3413
-4.1419,2.8497,3.0972,2.4531,2.4531,7.5116,-5.7548,0.30942
-4.1553,2.7599,2.8628,2.3698,2.3698,7.7543,-5.4187,1.1603
-4.1919,2.7746,2.9362,2.3371,2.3371,7.7109,-5.3783,0.66861
-4.1796,2.7465,2.8555,2.2974,2.2974,7.8059,-4.3321,0.1352
-4.2915,2.7656,3.1085,2.405,2.405,8.1174,-5.6641,-0.045082
-4.2382,2.8092,3.0994,2.4094,2.4094,7.9182,-5.3746,1.0687
-4.3075,2.7539,3.1356,2.4042,2.4042,8.2129,-5.6025,-0.68349
-4.2635,2.765,2.9826,2.3387,2.3387,7.7749,-3.5578,2.2548
-4.221,2.7141,2.7192,2.2753,2.2753,7.6403,-5.4187,1.261
-4.2302,2.7377,2.7556,2.2748,2.2748,7.5133,-5.4648,1.0007
-4.2195,2.8145,2.833,2.327,2.327,7.6066,-6.8924,4.6129
-4.2147,2.7769,2.7679,2.3314,2.3314,7.4961,-5.4344,1.2577
-4.2884,2.874,2.9255,2.4664,2.4664,7.6837,-5.4396,2.8429
-4.2834,2.8678,2.8361,2.347,2.347,7.411,-5.6801,1.6056
-4.2378,2.7991,2.743,2.2967,2.2967,7.4292,-5.4298,1.1543
-4.238,2.8236,2.7968,2.2987,2.2987,7.3691,-5.491,0.92222
-4.2277,2.7733,2.7519,2.2743,2.2743,7.3148,-4.5556,3.426
-4.2095,2.7302,2.7675,2.2747,2.2747,7.307,-5.4239,1.2346
-4.3131,2.9012,2.9727,2.3484,2.3484,7.3492,-5.324,3.3467
-4.2704,2.9873,2.8998,2.307,2.307,7.2081,-5.2042,2.5996
-4.2572,2.9942,2.9107,2.2904,2.2904,7.1541,-4.5523,6.447
-4.3183,3.0102,3.1348,2.4068,2.4068,7.6237,-5.6629,-0.041593
-4.8022,3.5923,4.4892,3.1585,3.1585,9.7417,-6.8275,4.5161
-4.5054,3.8522,5.407,3.7167,3.7167,10.962,-5.4693,6.9672
-4.3418,3.5837,5.0125,4.0558,4.0558,12.082,-4.4524,-3.5276
-3.8082,4.7559,7.7215,5.0444,5.0444,11.208,-5.294,-5.133
-2.9898,4.8382,8.5327,5.1394,5.1394,10.767,-6.6621,7.9485
-2.2915,4.5481,6.5276,4.1117,4.1117,7.5509,1.2253,6.4119
-2.1078,5.0755,6.9131,3.6742,3.6742,6.6003,-1.2226,7.3813
-2.2052,5.8346,8.49,4.2397,4.2397,7.4645,-4.4212,7.0111
-2.5859,5.1639,7.9963,3.9685,3.9685,8.4973,-4.485,-2.2146
-1.8456,5.0896,7.9968,3.8001,3.8001,7.9907,4.1568,6.1345
-1.6663,5.3752,8.4285,4.1042,4.1042,7.4222,-2.3251,9.1936
-1.6194,5.6765,8.465,3.7092,3.7092,6.3282,0.31868,8.034
-1.4195,6.0577,8.3386,2.8385,2.8385,5.3926,1.564,7.0162
-0.99887,6.2672,8.3273,2.0686,2.0686,4.1185,2.3089,7.1328
-0.26879,6.4025,8.1497,1.3977,1.3977,3.6711,0.19042,7.6831
0.26554,6.6798,8.1057,0.83056,0.83056,2.8998,2.7438,7.2101
0.61761,6.714,7.5616,0.4346,0.4346,2.2693,1.2945,7.156
1.1778,6.7997,7.2762,0.02759,0.02759,2.2697,3.1584,7.606
1.5944,6.9065,7.0175,-0.47487,-0.47487,2.2704,2.2946,8.1215
1.9014,6.9676,6.8001,-0.85105,-0.85105,2.3331,2.0734,8.2862
2.3206,7.1279,6.9468,-1.1137,-1.1137,2.438,4.0455,7.6514
2.738,7.1815,7.3895,-1.1516,-1.1516,2.6648,1.8171,6.1242
3.0776,7.1135,7.0339,-1.4373,-1.4373,2.8663,4.4461,7.5925
3.3944,7.0464,7.0402,-1.5243,-1.5243,2.8649,6.1616,6.9359
3.6882,6.9141,7.0999,-1.5517,-1.5517,2.9696,6.7483,6.1224
4.0499,6.9754,6.9978,-1.4707,-1.4707,3.6284,5.008,4.9705
4.3084,7.0488,6.4855,-1.7894,-1.7894,3.7028,4.9281,8.4433
4.4303,6.7887,6.0071,-1.934,-1.934,3.6604,6.0462,6.8748
4.3891,6.5608,5.5001,-1.9637,-1.9637,3.6347,4.4635,7.7744
4.4073,6.4579,5.085,-1.9863,-1.9863,3.649,4.3434,7.711
4.427,6.4393,4.6558,-2.0559,-2.0559,3.5483,4.519,7.5845
4.5237,6.454,4.5368,-2.0882,-2.0882,3.9164,4.3799,7.4061
4.7375,6.4352,4.5878,-2.0121,-2.0121,3.9263,3.5386,8.2596
4.9144,6.3842,4.6511,-2.0355,-2.0355,4.0084,6.7262,6.2143
4.8267,6.2308,4.4156,-2.0587,-2.0587,3.7359,4.9271,7.2879
4.8056,6.2117,4.1396,-2.2312,-2.2312,3.6048,3.0864,8.2917
4.7387,6.1728,3.9225,-2.2162,-2.2162,3.7382,4.4229,7.6164
4.7052,6.2172,3.9208,-2.2888,-2.2888,4.4353,2.3836,9.0925
4.8703,6.2271,4.1289,-2.0635,-2.0635,4.6084,4.9082,7.8971
5.0311,6.3698,4.3394,-2.0531,-2.0531,5.116,4.7019,6.6992
5.1569,6.2641,4.3924,-2.1344,-2.1344,4.83,6.7532,6.1968
5.2439,6.3477,4.3809,-2.0739,-2.0739,4.9846,6.0174,7.704
5.2722,6.1854,4.193,-2.2057,-2.2057,4.6966,-1.589,10.028
5.3692,6.3225,4.2597,-2.1488,-2.1488,5.0188,4.7263,8.5627
5.3862,6.4187,4.222,-2.2037,-2.2037,5.2667,5.0194,8.4027
5.3888,6.4732,4.2403,-2.2061,-2.2061,5.3324,0.58376,9.6785
5.4042,6.3172,4.1832,-2.2203,-2.2203,5.2116,6.7021,6.2439
5.4768,6.3839,4.1506,-2.3448,-2.3448,5.0531,5.6833,7.8181
5.4821,6.4428,4.019,-2.432,-2.432,5.0798,1.5557,10.789
5.4063,6.5394,4.1003,-2.5582,-2.5582,6.0571,1.5914,10.258
5.2732,6.5891,4.3894,-2.7442,-2.7442,7.0642,0.98887,10.263
5.1828,6.6136,4.659,-2.8634,-2.8634,7.9266,-1.2115,9.732
5.0848,6.6027,4.8569,-3.5939,-3.5939,8.4965,1.7688,10.252
5.1441,6.3612,4.8484,-3.8484,-3.8484,7.8025,4.3396,8.8022
5.0589,6.4876,5.045,-3.939,-3.939,8.8638,-0.0045056,9.6021
4.9834,6.5373,5.2931,-4.4766,-4.4766,9.7401,1.7911,10.257
5.0424,6.279,5.2702,-4.5364,-4.5364,9.1048,4.0866,9.1211
5.1239,6.2423,5.1551,-4.3842,-4.3842,8.703,-2.7106,8.0524
5.2762,6.4226,5.4951,-4.0372,-4.0372,9.9705,5.4611,9.3516
5.4276,6.3246,5.4504,-3.8235,-3.8235,9.47,6.8199,7.4476
5.6269,6.3112,5.6459,-3.5466,-3.5466,8.6936,3.1017,7.6757
5.4833,6.3034,5.0969,-3.1919,-3.1919,9.1633,1.6934,10.263
5.5361,6.3583,4.9392,-3.0444,-3.0444,8.5623,5.5794,8.7626
5.4315,5.8278,4.5535,-3.3003,-3.3003,7.6263,2.5358,8.7473
5.5521,5.9206,5.2094,-3.0948,-3.0948,8.9314,5.3907,9.3636
5.693,5.9316,5.3534,-2.9514,-2.9514,8.382,7.0693,7.3499
5.776,5.665,5.6067,-2.9945,-2.9945,7.6512,7.012,7.3317
5.7291,5.6281,5.3269,-2.8543,-2.8543,6.7498,4.8276,8.4826
5.6928,5.765,4.9078,-2.8165,-2.8165,6.8576,4.8767,8.5721
5.8156,5.6487,5.0043,-2.6006,-2.6006,6.2386,7.7602,6.236
5.6984,5.5223,4.826,-2.7989,-2.7989,5.6181,6.8147,7.0396
5.8108,5.4964,5.529,-2.9051,-2.9051,5.3688,8.8784,3.3
5.9016,5.6689,5.1113,-2.9463,-2.9463,5.2853,7.6935,3.1216
5.943,5.5892,5.1944,-2.7563,-2.7563,5.0126,8.6814,3.9444
5.8442,5.4746,4.927,-2.8814,-2.8814,4.8531,8.198,2.6186
5.8895,5.4537,4.5089,-2.7716,-2.7716,4.7029,6.7399,6.1309
5.9821,5.4861,4.2255,-2.9145,-2.9145,4.7408,6.3369,6.5025
6.1962,5.6136,4.7007,-2.9302,-2.9302,5.1286,7.0834,0.037098
6.2726,5.4876,4.7554,-3.0217,-3.0217,5.1077,8.8606,3.278
6.449,5.5534,5.2115,-2.8651,-2.8651,5.4475,7.992,5.9092
6.6412,5.5538,6.3415,-2.7912,-2.7912,5.6252,5.1947,7.9247
6.6353,5.5534,5.7899,-2.8089,-2.8089,5.6281,7.7129,6.5826
6.457,5.3959,5.2418,-2.7452,-2.7452,5.3177,8.5882,3.8283
6.1901,5.2382,4.8793,-2.9688,-2.9688,4.9466,4.7069,5.3778
6.2939,5.2265,5.2488,-2.9076,-2.9076,4.8874,8.9256,3.1061
6.5136,5.3039,5.6367,-2.7744,-2.7744,5.242,8.3591,5.4643
6.7082,5.5122,5.3132,-2.6173,-2.6173,5.9608,3.4013,5.8679
6.3716,5.3874,4.8179,-2.791,-2.791,5.7917,5.0006,8.3871
6.2398,5.4515,4.3564,-2.7413,-2.7413,6.0177,4.5669,8.709
6.0833,5.3007,3.7237,-2.696,-2.696,5.6628,4.5762,5.6989
6.1412,5.3334,3.7065,-2.8141,-2.8141,5.3626,6.7743,5.9772
6.1312,5.2981,3.6262,-2.6433,-2.6433,5.1136,6.583,6.2785
6.15,5.4408,3.5657,-2.4003,-2.4003,5.447,8.4882,1.9459
6.0569,5.353,3.3431,-2.4641,-2.4641,5.2605,6.7406,6.1304
6.1161,5.374,3.3111,-2.6259,-2.6259,5.0726,6.5967,6.0903
6.2726,5.5124,4.055,-2.4387,-2.4387,5.5309,4.6683,5.1332
6.3931,5.5955,4.4542,-2.3345,-2.3345,5.7471,7.6963,6.5921
6.2257,5.5892,4.1895,-2.5331,-2.5331,5.8166,5.7974,7.7308
6.1578,5.7662,3.7611,-2.7728,-2.7728,5.8664,7.6549,3.4108
6.1038,5.7912,3.3811,-2.7854,-2.7854,6.0137,4.9285,8.4071
6.0208,5.8333,3.354,-2.6794,-2.6794,6.0986,5.1008,8.3582
5.952,5.6148,3.1805,-2.6634,-2.6634,5.6905,5.0672,8.3503
6.0456,5.7637,3.1769,-2.6937,-2.6937,5.9318,4.8657,8.4717
5.9852,5.5711,3.1062,-2.6227,-2.6227,5.582,6.5831,6.2111
6.2105,5.7523,3.6451,-2.6507,-2.6507,5.861,7.4788,6.7083
6.3446,5.8357,4.0887,-2.5092,-2.5092,5.9524,3.2942,7.6043
6.4803,5.8737,4.3343,-2.5067,-2.5067,5.8749,7.7204,6.5698
6.6902,6.0142,5.6541,-2.0792,-2.0792,6.8981,5.5897,9.2826
6.9397,6.0845,6.1603,-1.9187,-1.9187,7.1919,8.8452,6.8889
6.7414,6.0946,5.9012,-2.114,-2.114,6.9703,4.8301,9.49
6.5816,6.2681,5.5441,-2.1607,-2.1607,7.1901,5.4756,9.3498
6.4405,6.5518,5.2334,-2.1675,-2.1675,7.3217,4.9246,9.5878
6.3988,6.8484,4.858,-2.5794,-2.5794,6.992,5.4008,9.3587
6.3045,7.0752,4.7616,-2.5035,-2.5035,6.8769,3.4371,9.6787
6.1881,7.2841,4.6185,-2.4267,-2.4267,6.6845,5.4827,9.3146
6.1413,7.4932,4.4207,-2.6503,-2.6503,6.1484,1.5443,10.004
5.7876,7.3588,4.5417,-2.6298,-2.6298,6.2119,1.8516,10.238
5.4624,7.2915,4.615,-2.9083,-2.9083,6.7839,1.7698,10.114
5.233,7.223,4.5656,-3.2083,-3.2083,7.4659,-0.94347,9.6588
5.1407,7.1646,4.6804,-3.7005,-3.7005,7.7259,1.9487,10.237
5.0856,7.0683,4.9591,-4.159,-4.159,8.2342,1.695,10.256
5.0026,6.943,5.1616,-4.6233,-4.6233,8.9356,1.74,10.651
5.0376,6.817,5.4321,-4.8451,-4.8451,9.3479,1.7338,10.273
4.9315,6.7502,5.5823,-5.0217,-5.0217,10.057,1.9915,10.237
4.9549,6.658,5.8821,-5.5041,-5.5041,10.582,4.1521,5.5365
4.9954,6.5194,6.1217,-5.7692,-5.7692,10.888,1.8091,10.227
5.0078,6.1688,6.2064,-6.1848,-6.1848,12.438,-1.3961,10.799
5.0278,5.8727,6.148,-6.1024,-6.1024,12.268,6.2245,6.2818
5.0488,5.8558,6.131,-6.1059,-6.1059,12.345,1.8458,10.247
5.3711,5.8025,6.5716,-6.7096,-6.7096,14.277,1.1466,11.366
5.3935,5.3285,6.1497,-5.8952,-5.8952,12.828,4.0243,5.8464
5.3012,5.3137,6.2925,-6.0424,-6.0424,13.04,1.8172,10.248
5.3852,5.3133,6.5899,-6.5124,-6.5124,13.549,1.0928,10.391
5.3188,5.2302,6.6055,-6.6019,-6.6019,14.068,4.593,4.6478
5.3568,4.9216,6.5142,-6.8316,-6.8316,14.842,-2.5373,10.779
5.3578,4.6558,6.9295,-7.1472,-7.1472,15.16,-3.2945,10.352
5.4451,4.3923,6.7769,-6.7383,-6.7383,14.362,0.9983,6.3878
5.6653,4.3073,6.7685,-6.8528,-6.8528,14.545,1.9944,10.214
5.6311,4.2446,6.6006,-6.6493,-6.6493,14.661,2.0682,10.253
5.6895,3.9405,6.2114,-6.5341,-6.5341,14.943,5.1265,6.5594
5.7776,3.702,5.8127,-5.8851,-5.8851,14.042,1.7745,10.281
5.7816,3.6694,5.7103,-5.7861,-5.7861,14.241,2.2346,10.217
6.3896,3.3239,4.5147,-4.2813,-4.2813,11.579,6.8963,4.2867
6.9683,3.4599,4.118,-3.7506,-3.7506,10.858,8.6803,3.4845
6.3819,3.7068,5.4504,-3.5277,-3.5277,10.268,2.6067,7.1825
5.987,3.594,5.8312,-4.3549,-4.3549,9.1429,9.6007,5.1346
5.6696,3.6858,8.7056,-5.0714,-5.0714,9.657,-3.2356,5.996
4.5014,3.9621,9.0211,-5.0783,-5.0783,8.2538,5.7095,6.3968
2.3367,4.0256,4.8605,-1.9809,-1.9809,3.6266,3.9609,4.2685
1.993,4.1377,5.2869,-1.7192,-1.7192,3.6907,-0.75792,5.4678
1.6712,3.9155,4.5956,-1.2864,-1.2864,3.4594,0.45951,4.9005
2.0174,4.1858,5.3043,-1.7129,-1.7129,4.4937,3.3246,5.677
2.4255,4.9142,5.763,-2.7197,-2.7197,4.6829,4.4955,2.717
3.0592,4.925,5.6553,-2.7717,-2.7717,5.6236,-2.3806,9.1196
3.4914,4.6836,4.8914,-2.4813,-2.4813,6.4757,-2.1266,10.023
3.5854,4.0324,4.407,-1.8712,-1.8712,5.1464,4.0485,3.2994
3.5312,3.9305,3.8243,-1.9488,-1.9488,5.2224,3.513,5.3341
3.7286,4.1413,4.5748,-1.9535,-1.9535,5.149,6.4704,4.0704
4.2361,4.5691,4.8006,-2.9503,-2.9503,5.5579,2.854,5.5473
4.179,4.7674,4.8213,-2.9683,-2.9683,5.2859,3.7602,6.2301
4.4259,4.7721,4.6495,-3.0232,-3.0232,5.3583,6.2665,4.1739
4.3008,4.7692,3.671,-2.388,-2.388,5.5944,4.5935,5.4269
3.706,3.6588,2.8181,-1.3416,-1.3416,3.1982,3.9596,5.854
3.5934,3.5387,3.0901,-1.4211,-1.4211,3.2948,1.5688,5.4962
3.6526,3.6123,3.625,-1.6208,-1.6208,3.9849,5.4895,0.34697
3.477,3.4941,3.6595,-1.5711,-1.5711,4.0117,5.2427,1.5066
3.1471,3.1932,3.3971,-1.1263,-1.1263,3.5238,2.5431,5.2012
2.9972,3.0261,3.6661,-0.67954,-0.67954,3.5367,7.9352,0.95162
2.8658,2.9061,3.9993,-0.63592,-0.63592,3.749,9.299,4.6293
2.6584,2.825,3.823,-0.9064,-0.9064,3.8841,4.3376,4.1378
2.8486,2.9646,5.0777,-1.2983,-1.2983,5.2295,3.8539,-2.1702
2.9012,3.0154,5.8587,-1.5382,-1.5382,6.1645,1.3737,6.3813
2.8012,2.887,5.8522,-1.3532,-1.3532,6.1098,4.1926,-1.1436
2.8174,2.9347,6.4774,-1.3921,-1.3921,6.804,2.9206,5.6177
2.7941,2.9377,6.845,-1.4543,-1.4543,7.211,2.7784,5.6679
2.7894,2.9047,7.1997,-1.4518,-1.4518,7.4386,0.086936,6.0214
2.7191,2.834,6.5834,-1.2803,-1.2803,6.6745,4.8632,3.1506
2.6071,2.7781,6.4695,-1.1461,-1.1461,6.4519,-0.20779,5.2353
2.6474,2.7944,7.0552,-1.1727,-1.1727,7.0369,5.5484,2.6598
2.5296,2.718,6.7468,-1.0265,-1.0265,6.7,0.76322,7.2363
2.483,2.62,6.6678,-0.92885,-0.92885,6.6366,5.1656,2.1221
2.4218,2.5812,6.5865,-0.87901,-0.87901,6.6469,0.98359,5.4997
2.3902,2.5346,6.6567,-0.83917,-0.83917,6.7161,4.9813,2.7738
2.3145,2.4945,6.6499,-0.7106,-0.7106,6.7783,0.46736,5.0325
2.2486,2.4687,6.7417,-0.67253,-0.67253,6.8237,3.4835,-1.7671
2.2201,2.4256,6.8282,-0.6127,-0.6127,6.8623,3.4632,-1.7685
2.1836,2.4013,6.8172,-0.5623,-0.5623,6.9182,-1.4552,-1.4518
2.1794,2.3607,6.8351,-0.56596,-0.56596,7.0251,-0.94559,2.2828
2.1744,2.311,6.9822,-0.51714,-0.51714,7.0656,3.1495,-1.9739
2.1309,2.2587,7.044,-0.46386,-0.46386,7.1651,4.2551,-1.0567
2.1611,2.256,7.965,-0.47744,-0.47744,8.0209,-2.893,3.1529
2.1922,2.2511,8.4078,-0.52076,-0.52076,8.4505,-2.7722,0.23288
2.1449,2.2447,7.8435,-0.55281,-0.55281,7.5672,-1.4701,4.4687
2.1252,2.2581,8.3957,-0.54546,-0.54546,8.263,-3.1227,2.289
2.0947,2.2408,8.5859,-0.43651,-0.43651,8.6779,-2.9897,2.8664
2.0796,2.2683,8.9177,-0.44912,-0.44912,8.8464,-2.594,3.247
2.0412,2.2649,8.9438,-0.38412,-0.38412,8.9009,3.6977,5.1957
2.009,2.2621,9.0109,-0.40006,-0.40006,9.0286,2.2383,5.84
2.0087,2.2193,9.1655,-0.32037,-0.32037,9.0134,-2.8849,3.1415
2.0135,2.159,9.1094,-0.23518,-0.23518,9.0263,-0.57665,3.0923
1.9355,2.1474,8.3432,-0.13383,-0.13383,8.2473,-2.7433,1.9932
1.9271,2.1552,8.7504,-0.19115,-0.19115,8.6885,5.2409,-0.34109
1.8963,2.0943,8.0818,-0.10341,-0.10341,8.0813,5.2202,1.6121
1.8567,2.0891,7.712,-0.06954,-0.06954,7.8792,-3.8847,3.3734
1.7834,2.0632,7.664,0.0090946,0.0090946,7.6543,3.6668,-1.6334
1.7578,2.0136,7.6585,0.019424,0.019424,7.6691,-1.5286,4.4157
1.7714,2.0334,8.5174,0.04272,0.04272,8.4666,4.6522,4.2918
1.7585,2.0251,8.8549,-0.059711,-0.059711,8.9195,-1.7536,5.2116
1.7924,2.0154,9.2358,-0.1158,-0.1158,9.228,8.5727,3.0812
1.8121,2.0377,9.5186,-0.051043,-0.051043,9.4465,5.1561,3.566
1.818,2.0568,9.7249,0.045182,0.045182,9.4654,-2.4976,3.8506
1.8305,2.0635,9.7849,0.12709,0.12709,9.5118,-2.1021,3.8939
1.7571,2.0806,9.9079,0.22254,0.22254,9.654,7.0107,6.1187
1.9521,2.1586,10.143,0.29055,0.29055,9.7332,6.7419,4.4507
1.9096,2.1597,10.069,0.33423,0.33423,9.5888,5.1512,3.7344
1.8933,2.1434,9.9755,0.38542,0.38542,9.79,-2.2168,-1.729
1.9275,2.077,9.892,0.19998,0.19998,9.7366,7.9886,4.5461
1.9026,2.0553,8.9698,0.18883,0.18883,8.8495,4.1468,4.2405
2.033,2.1364,9.5542,0.19272,0.19272,9.3069,6.2468,4.9608
1.9385,2.0279,8.9246,0.20281,0.20281,8.5302,-0.95156,-1.3807
2.0461,2.124,9.6477,0.28966,0.28966,9.1419,6.5833,4.7211
2.0333,2.1066,9.857,0.37828,0.37828,9.4302,7.3084,5.6617
1.9808,2.0996,9.9909,0.39403,0.39403,9.5381,6.5045,6.6633
1.9137,2.0931,10.077,0.20137,0.20137,9.5605,-3.4976,-2.121
1.9954,2.1478,10.51,0.31787,0.31787,9.4575,6.5681,4.7437
2.2105,2.2779,10.808,0.48121,0.48121,9.4621,6.4693,4.8402
2.0735,2.1676,9.9751,0.54774,0.54774,8.6945,7.6862,5.1054
2.035,2.1493,10.259,0.41678,0.41678,8.8583,4.5852,0.45731
2.1116,2.1357,9.5648,0.42369,0.42369,8.2309,6.3693,5.1978
2.2542,2.2211,10.226,0.52742,0.52742,8.6973,6.1693,5.3696
2.4549,2.3058,10.594,0.6316,0.6316,8.9552,6.6328,4.9097
2.3865,2.2481,10.588,0.69488,0.69488,9.1571,4.8464,-0.78916
2.5988,2.3551,10.265,0.75323,0.75323,9.1623,6.4444,4.9886
2.7813,2.4957,10.191,0.85534,0.85534,9.17,6.5251,4.7609
2.6865,2.4066,10.207,0.96006,0.96006,9.2389,5.2038,4.0147
2.5988,2.3994,10.095,0.80174,0.80174,9.1354,6.0915,0.98479
2.5611,2.3244,9.8581,0.815,0.815,9.014,7.1925,5.859
2.5174,2.2898,9.8196,0.70479,0.70479,8.9865,7.7105,5.0847
2.6574,2.3716,9.7344,0.67589,0.67589,8.9341,7.3668,3.007
2.7614,2.4326,9.2166,0.74635,0.74635,8.349,4.7978,0.756
2.8713,2.531,9.4383,0.69005,0.69005,8.8162,6.5244,4.8438
3.032,2.6073,9.5379,0.84673,0.84673,8.858,6.3934,4.8169
3.1722,2.7041,9.6557,0.87395,0.87395,8.8446,6.8381,4.665
3.2009,2.7558,9.0961,0.90843,0.90843,8.2352,5.8445,5.6747
3.3234,2.8287,9.2533,0.87709,0.87709,8.3614,7.1804,1.8119
3.4392,2.9474,9.1529,0.77832,0.77832,8.3608,6.5303,4.8095
3.5333,3.0321,9.0298,0.72063,0.72063,8.2138,5.8228,5.8124
3.6548,3.1009,8.8104,0.66704,0.66704,7.9973,7.049,3.9605
3.662,3.1005,8.1442,0.57956,0.57956,7.4897,5.6877,6.1965
3.6398,3.0845,7.7857,0.44069,0.44069,7.2228,2.8704,1.3067
3.7338,3.1809,7.7999,0.42641,0.42641,7.4561,6.5782,4.7571
3.8328,3.2146,7.6634,0.37486,0.37486,7.3074,6.7949,4.1947
3.9719,3.2758,7.3453,0.18266,0.18266,7.2177,6.9745,4.2809
3.959,3.2335,7.0091,0.20055,0.20055,6.9661,5.1662,6.5744
3.9297,3.1987,6.7705,0.1655,0.1655,6.6995,5.1318,3.0915
3.8542,3.1334,6.6312,0.15659,0.15659,6.6441,6.6331,4.7755
3.9618,3.1997,6.6922,0.03642,0.03642,6.8056,6.5159,5.0382
3.7022,3.0054,6.6596,0.17299,0.17299,6.7994,6.5619,6.7355
3.7341,2.9907,6.4861,-0.083732,-0.083732,6.9323,5.1596,3.9889
3.7374,2.9611,6.3556,-0.042946,-0.042946,6.702,7.1189,0.96494
3.8834,3.0494,6.5626,-0.073104,-0.073104,7.049,6.5555,4.7775
3.8724,3.053,6.345,-0.030592,-0.030592,6.8739,6.1808,5.4242
3.6038,2.8818,6.4931,0.036675,0.036675,6.9044,8.6041,2.7642
3.4896,2.8538,6.1355,-0.039534,-0.039534,6.6378,7.6238,2.0466
3.5072,2.8608,6.1628,0.024915,0.024915,6.6156,6.6509,2.8466
3.4012,2.8384,5.99,0.13606,0.13606,6.2397,6.7064,4.6878
3.4076,2.7398,4.6861,-0.43352,-0.43352,6.9238,3.6872,5.0327
3.182,2.8384,5.222,-0.65273,-0.65273,8.5385,0.70776,-3.4241
3.4792,2.8553,4.3969,-0.94931,-0.94931,9.2667,5.8983,2.7735
4.053,3.3205,5.8655,-1.5988,-1.5988,11.828,4.6774,7.3371
3.9126,4.3308,8.327,-2.0899,-2.0899,12.572,4.6165,3.6487
3.6227,4.2127,8.3083,-2.2206,-2.2206,11.49,1.284,6.399
3.6021,4.5521,8.0556,-3.3393,-3.3393,9.2989,0.46458,7.2812
3.2746,4.0788,5.6264,-3.0475,-3.0475,7.1833,4.8925,2.0849
3.4774,4.0327,4.9801,-2.5658,-2.5658,6.4308,4.9708,3.7431
3.3902,3.8957,4.7157,-1.9263,-1.9263,4.5908,2.7412,5.2491
3.4588,4.1382,4.4145,-1.7963,-1.7963,4.5159,2.888,6.3004
3.5879,3.8683,4.2051,-1.5555,-1.5555,4.2915,5.3995,-0.24243
3.6438,3.9711,5.0362,-1.5939,-1.5939,4.1618,7.8948,0.0017828
2.9224,3.9789,4.8978,-1.3742,-1.3742,3.625,-0.46731,6.253
2.8329,3.9709,5.5876,-1.3776,-1.3776,4.1743,8.9585,-0.16908
2.8463,4.0139,5.5267,-0.95335,-0.95335,4.3218,7.0524,-0.086465
3.0073,4.0178,6.05,-0.7432,-0.7432,4.5826,7.1364,-1.0704
2.8285,4.0563,5.4456,-1.0405,-1.0405,4.6376,4.3613,4.1464
3.0634,4.2843,5.0837,-1.463,-1.463,4.4362,2.1139,6.979
3.1154,4.2975,5.9204,-0.97425,-0.97425,5.1007,7.8995,3.8198
3.0699,4.322,5.396,-1.2382,-1.2382,4.7579,5.971,1.9438
3.1711,4.3882,5.0033,-1.7076,-1.7076,4.5573,6.1076,1.4879
3.1912,4.5472,5.4382,-1.4502,-1.4502,4.7659,7.5192,3.7939
2.7798,3.8452,4.7394,-0.94856,-0.94856,4.5634,3.6458,3.4519
2.7318,3.6299,4.8452,-0.65287,-0.65287,4.8378,7.7639,6.4915
2.8397,3.5683,4.5859,-0.83142,-0.83142,4.0918,4.4637,5.1027
2.7882,3.5029,4.9259,-0.84642,-0.84642,3.5791,3.701,4.5059
2.6583,3.668,5.1722,-0.92946,-0.92946,3.6575,2.3374,6.1189
2.5323,3.3499,5.0934,-0.47984,-0.47984,3.9292,6.139,6.4507
2.5178,3.1229,3.63,-0.69953,-0.69953,4.0042,-0.091137,4.2059
2.6482,2.919,3.1286,-0.781,-0.781,4.1891,4.2205,1.7322
3.0083,2.9366,3.7812,-0.57782,-0.57782,4.6986,5.3892,5.0096
3.1706,2.9473,3.6339,-1.0006,-1.0006,4.6745,4.2115,4.1064
3.3451,3.0953,4.3911,-1.2612,-1.2612,5.4065,1.0939,4.8314
3.5092,3.1097,5.1189,-1.4128,-1.4128,6.0561,7.9674,1.5269
3.2558,2.9503,4.7319,-1.2935,-1.2935,5.7293,5.1782,1.188
3.7766,2.9365,5.0065,-1.3685,-1.3685,6.7924,6.048,1.0515
3.751,2.9332,4.1865,-1.3946,-1.3946,7.3172,2.1255,6.6024
3.6358,2.7223,3.8036,-1.1659,-1.1659,6.3483,2.9821,5.1014
3.9204,2.9022,3.7648,-1.5457,-1.5457,6.3033,4.9335,3.9961
3.9906,3.0058,3.7078,-1.2944,-1.2944,5.7248,5.5851,4.4302
3.4437,2.6391,3.1644,-0.7694,-0.7694,4.4706,4.0615,3.3558
3.2789,2.526,3.3056,-0.67409,-0.67409,4.1824,7.966,2.5855
3.2697,2.4305,3.7497,-0.62942,-0.62942,4.4167,7.0203,2.3822
3.4761,2.3825,3.9143,-0.65997,-0.65997,4.9481,6.1208,1.6548
3.6369,2.2892,3.9592,-0.58338,-0.58338,5.1015,5.8995,0.75802
3.6305,2.2123,4.4373,-0.52178,-0.52178,5.0275,6.8633,0.0020235
3.8786,2.2241,4.5441,-0.41507,-0.41507,5.3787,5.2888,5.8913
4.1049,2.2888,4.4958,-0.27836,-0.27836,5.7389,5.5424,3.1448
4.1449,2.264,3.8465,-0.20188,-0.20188,5.8356,5.2833,1.4791
4.0831,2.1183,3.1718,-0.23401,-0.23401,5.7295,5.2142,1.5526
4.2715,2.1489,3.1785,-0.29325,-0.29325,5.8837,5.712,5.2739
4.3302,2.1535,3.259,-0.21084,-0.21084,5.9887,5.3634,0.57919
4.3897,2.1664,3.7961,-0.0014786,-0.0014786,6.0791,0.21965,10.117
4.334,2.1288,3.6108,-0.041052,-0.041052,6.0443,0.669,9.8324
4.3454,2.0806,3.5044,-0.070489,-0.070489,5.9416,-0.34323,9.5697
4.3593,2.0228,3.3967,-0.063964,-0.063964,6.012,5.8584,0.54573
4.3205,1.8853,3.2388,-0.088709,-0.088709,5.7154,6.0833,0.8855
4.3021,1.7745,3.0593,-0.13236,-0.13236,5.5269,5.7181,3.4094
4.3283,1.7194,2.9473,-0.11712,-0.11712,5.3778,6.0001,1.6512
3.9735,1.6831,2.2276,-0.084318,-0.084318,4.7752,4.6117,0.49861
3.6531,1.6731,1.8865,-0.098252,-0.098252,4.5003,5.0925,2.2145
3.6717,1.6889,1.7738,-0.14505,-0.14505,4.7094,4.6777,1.5572
3.6667,1.6605,1.7377,-0.15334,-0.15334,4.7934,4.7283,1.9582
3.7231,1.646,1.7293,-0.14138,-0.14138,4.9047,4.753,1.3472
3.7339,1.6278,1.7086,-0.11259,-0.11259,5.0905,3.8302,3.3318
3.7938,1.6881,1.7674,-0.08744,-0.08744,5.3498,4.7483,1.6095
3.9494,1.6751,2.2426,-0.062486,-0.062486,5.5249,6.0202,1.0895
3.638,1.6111,2.6267,-0.031536,-0.031536,4.5522,4.2568,2.5831
3.5191,1.5904,3.0424,0.035673,0.035673,4.5069,4.1716,1.585
3.6133,1.6229,3.791,0.11077,0.11077,4.9078,6.8657,3.949
3.7782,1.724,3.5352,-0.16556,-0.16556,5.1786,2.0056,3.6635
3.7297,1.8093,3.5488,-0.33944,-0.33944,4.9489,4.8602,3.8948
3.5874,1.9317,3.12,-0.5138,-0.5138,4.6692,4.2858,3.5748
3.6636,2.1149,3.2951,-0.51618,-0.51618,4.8067,4.8862,3.7239
3.6134,2.2092,2.9041,-0.68523,-0.68523,4.4768,3.2455,5.2823
3.5886,2.3112,2.7884,-0.79489,-0.79489,4.3415,4.3421,3.4597
3.6038,2.404,2.642,-0.90791,-0.90791,4.2775,4.5957,2.9313
3.7032,2.5298,2.9001,-0.83119,-0.83119,4.2759,5.2213,3.4252
3.7261,2.5915,3.0883,-0.88559,-0.88559,4.3349,4.4967,4.6555
3.5811,2.6438,2.7537,-1.0003,-1.0003,4.1224,4.3468,3.4646
3.5762,2.6647,2.6118,-1.072,-1.072,3.9667,4.4499,3.3942
3.6723,2.7531,2.8737,-0.96581,-0.96581,3.9522,4.9183,3.9233
3.6967,2.822,2.9321,-0.90546,-0.90546,4.0614,5.317,1.5211
3.5725,2.7787,2.6391,-1.0311,-1.0311,3.9209,4.281,3.5673
3.5416,2.8051,2.5446,-1.134,-1.134,3.9034,4.2377,3.5163
3.5285,2.802,2.5202,-1.1877,-1.1877,3.8501,4.4238,3.1415
3.6828,2.8655,2.8949,-1.1346,-1.1346,4.1383,5.8598,-0.10411
3.3678,2.8586,2.2498,-0.90719,-0.90719,3.9688,3.9601,3.2441
3.2094,2.7543,2.4994,-0.79279,-0.79279,4.1158,4.2785,2.6989
3.6634,2.9576,3.3699,-1.0092,-1.0092,5.4827,5.0823,6.005
3.3651,3.0031,3.4116,-1.1538,-1.1538,5.5494,4.1677,1.1995
3.1669,3.1217,3.2836,-1.4389,-1.4389,5.3515,4.2831,-1.0768
3.0554,3.1685,3.1396,-1.6163,-1.6163,5.4051,2.8395,4.8781
2.8941,3.4823,3.5721,-1.4954,-1.4954,5.5711,2.8487,6.977
2.7984,3.6713,3.7362,-1.8218,-1.8218,5.5158,2.3984,5.7362
2.8894,3.9975,4.3053,-2.1893,-2.1893,5.1751,3.6638,-3.1113
3.1249,4.3152,4.9471,-2.6594,-2.6594,5.2889,5.9666,2.5213
2.7911,4.4475,4.7726,-2.3801,-2.3801,5.0429,3.8687,3.8128
2.7463,4.4701,4.7185,-1.999,-1.999,4.9063,-0.062326,7.4007
2.7593,4.5285,5.1308,-1.8859,-1.8859,4.2582,-0.55447,6.1718
2.7123,4.7453,5.6011,-1.948,-1.948,4.5488,3.1007,5.5448
3.0174,4.4854,4.9935,-1.9039,-1.9039,4.9805,6.0286,1.5606
3.4634,4.462,5.1786,-2.1784,-2.1784,6.0203,6.0865,1.389
3.4348,4.3654,5.706,-1.6152,-1.6152,6.9457,10.063,1.5125
3.5782,4.1282,5.1313,-1.683,-1.683,6.7906,4.2856,4.5783
3.4956,3.9917,4.655,-1.8992,-1.8992,6.6279,4.303,4.0486
3.641,3.9654,4.5254,-1.9359,-1.9359,6.1779,5.4094,5.0838
3.5429,3.9472,4.0573,-1.8992,-1.8992,5.4921,2.8039,6.2077
3.7029,4.0989,4.1037,-1.7594,-1.7594,5.495,4.0778,5.6606
3.8724,4.2756,4.7936,-1.4639,-1.4639,5.6745,5.8188,5.9216
4.0228,4.3802,5.8077,-1.0987,-1.0987,5.7562,7.269,5.0754
4.2451,4.4193,6.745,-0.93232,-0.93232,6.072,7.5465,4.236
4.1799,4.2926,7.8949,-0.91248,-0.91248,6.0938,8.0965,6.7784
4.5106,4.2508,8.7104,-0.65761,-0.65761,6.6306,1.448,8.6119
4.0958,4.1888,7.4651,-0.84891,-0.84891,6.328,2.0589,8.3051
3.611,3.977,6.027,-1.0836,-1.0836,6.3505,0.02725,8.2514
3.5061,3.8335,5.1228,-1.5244,-1.5244,6.7979,0.82893,7.7498
3.4849,3.7516,4.3609,-1.8123,-1.8123,7.1185,-0.19818,8.1991
3.3619,3.5589,3.7978,-1.8926,-1.8926,6.9722,-1.2608,7.7778
3.3488,3.3633,3.4926,-1.9613,-1.9613,6.807,2.6677,6.1788
3.4689,3.3081,3.5027,-2.0453,-2.0453,7.1839,-0.25841,8.1546
3.5644,3.2356,3.5057,-2.0545,-2.0545,7.3843,-0.43018,8.1744
3.4939,3.0842,3.1863,-1.9436,-1.9436,7.0337,-0.70547,7.8407
3.4914,2.9361,3.0167,-1.8372,-1.8372,6.8108,1.0367,8.3642
3.4953,2.7823,3.0583,-1.8176,-1.8176,6.7148,-2.5648,7.4839
3.4906,2.6503,2.9133,-1.6819,-1.6819,6.6224,-2.7109,7.431
3.5617,2.5695,2.8733,-1.6526,-1.6526,6.7458,4.9099,1.4479
3.4664,2.4516,2.7445,-1.3756,-1.3756,6.5147,-2.5904,5.5046
3.501,2.3554,2.7581,-1.2821,-1.2821,6.593,-2.5114,7.4013
3.2487,2.3347,2.6134,-0.97744,-0.97744,6.1411,-2.0794,6.6437
3.2304,2.3849,2.7132,-1.0871,-1.0871,6.6868,3.7533,-1.0828
3.1162,2.5288,2.8778,-1.0169,-1.0169,6.5816,-4.6648,3.273
2.9513,2.9971,3.7874,-0.9809,-0.9809,7.0545,7.9832,-0.1439
2.8903,3.3553,4.4994,-1.1324,-1.1324,8.197,8.7435,-0.50454
2.6891,3.5176,4.859,-0.95246,-0.95246,7.6888,7.6561,2.5424
2.5154,3.7281,5.2988,-0.76732,-0.76732,7.2774,7.4599,3.7915
2.4866,4.0961,5.7805,-1.2386,-1.2386,6.8847,-6.8374,4.5597
2.5102,4.6912,6.4409,-1.7312,-1.7312,6.0226,4.4828,5.7662
2.3342,4.9251,6.5664,-1.4793,-1.4793,5.2617,0.98022,6.1447
2.1181,5.0959,6.6086,-1.2782,-1.2782,4.5834,-1.4271,3.7364
2.023,5.3353,6.1023,-1.3932,-1.3932,4.0972,0.42991,7.3091
1.8847,5.3839,5.6753,-1.3137,-1.3137,3.3916,1.0668,6.5904
1.8641,5.5617,5.839,-1.1454,-1.1454,2.9079,2.1402,7.0339
1.8795,5.5374,6.2745,-0.75379,-0.75379,2.8784,-1.0062,5.1365
1.7683,5.5411,6.6504,-0.68298,-0.68298,2.4949,7.8769,0.53245
1.7523,5.6577,7.0246,-0.79176,-0.79176,2.2166,5.2318,5.1859
1.7949,5.8168,7.8788,-0.84293,-0.84293,2.191,0.87934,5.1469
1.7427,5.7881,7.7408,-0.84039,-0.84039,2.0868,7.6703,1.7185
1.7287,5.7332,7.793,-0.90348,-0.90348,2.0738,7.7056,1.574
1.6902,5.6107,7.9483,-0.83405,-0.83405,2.1955,7.677,2.2416
1.6662,5.5659,7.8555,-0.93694,-0.93694,2.215,7.4023,1.8901
1.647,5.5307,7.7576,-0.91629,-0.91629,2.1795,0.41749,6.0139
1.6017,5.5592,7.8547,-0.97862,-0.97862,2.1827,7.8508,0.73737
1.5677,5.5362,8.0343,-0.94527,-0.94527,2.2492,7.8672,0.1446
1.5556,5.545,8.134,-0.83542,-0.83542,2.2793,7.1236,2.8196
1.529,5.4932,8.1652,-0.8168,-0.8168,2.3532,6.8711,3.743
1.4981,5.4862,8.0648,-0.87709,-0.87709,2.3432,1.1303,5.3324
1.4837,5.5124,8.0461,-0.87961,-0.87961,2.305,7.9095,-1.1921
1.4453,5.4973,8.1807,-0.69121,-0.69121,2.3854,6.5803,4.7725
1.3359,5.4128,7.9516,-0.61704,-0.61704,2.384,7.304,2.4326
1.3031,5.3631,8.1269,-0.32754,-0.32754,2.5064,7.4692,3.4903
1.1689,5.3186,7.946,-0.37345,-0.37345,2.4931,3.9571,6.7986
1.1744,5.3228,7.9164,-0.55384,-0.55384,2.4884,7.8995,-0.17831
1.1842,5.2964,7.9584,-0.46107,-0.46107,2.5954,7.7868,2.3393
1.1469,5.4022,8.0156,-0.51774,-0.51774,2.6479,7.7736,2.3839
1.1546,5.4889,7.9152,-0.57682,-0.57682,2.7404,7.1921,2.5111
1.141,5.4891,7.5526,-0.63558,-0.63558,2.5984,7.2466,2.1282
1.1749,5.5101,7.403,-0.62008,-0.62008,2.482,-1.2433,3.8566
1.2367,5.5296,7.4875,-0.39022,-0.39022,2.4305,6.8495,4.4752
1.1848,5.5641,7.5107,-0.47046,-0.47046,2.2489,6.8417,3.396
1.1858,5.5433,7.5518,-0.38156,-0.38156,2.3325,7.1147,3.9992
1.1276,5.4502,7.7002,-0.2179,-0.2179,2.4445,7.7123,1.9866
1.0741,5.435,7.7713,-0.18964,-0.18964,2.4193,-1.5864,5.5569
0.95285,5.3849,7.6576,-0.13644,-0.13644,2.3834,-0.50744,6.0238
0.78761,5.3314,7.3957,-0.057171,-0.057171,2.2958,-0.32906,6.0302
0.74149,5.3867,7.5458,-0.075947,-0.075947,2.4853,3.6894,7.6111
0.69889,5.3275,7.4262,0.011246,0.011246,2.4878,4.8601,6.9984
0.64336,5.3496,7.3801,0.022332,0.022332,2.454,2.1445,7.6929
0.52123,5.3651,7.6275,0.15749,0.15749,2.2521,-0.76871,6.068
0.47487,5.5037,7.8871,0.16558,0.16558,2.4077,3.7245,7.2532
0.49949,5.4793,7.649,0.21367,0.21367,2.4069,6.7896,4.3123
0.41966,5.3831,7.4381,0.24757,0.24757,2.3123,-0.81627,5.9057
0.45904,5.5303,7.3766,0.15222,0.15222,2.2267,6.4555,5.8487
0.47957,5.5531,7.3554,0.23693,0.23693,2.2766,6.7811,4.5397
0.49358,5.5361,7.5391,0.30049,0.30049,2.2837,6.6193,4.5571
0.49369,5.5935,7.8004,0.3308,0.3308,2.532,6.0712,5.4375
0.43896,5.4678,7.5766,0.31262,0.31262,2.4031,8.1481,2.9652
0.46864,5.4225,7.3016,0.31653,0.31653,2.3948,4.3819,6.6648
0.48359,5.4243,7.2158,0.26709,0.26709,2.3566,6.9736,4.2393
0.4839,5.4436,7.0718,0.12429,0.12429,2.227,7.8743,0.8589
0.52605,5.5121,7.3084,0.1049,0.1049,2.178,5.1834,5.0213
0.53113,5.5366,7.5389,0.24643,0.24643,2.2506,5.8146,5.7161
0.52041,5.5074,7.4422,0.24639,0.24639,2.225,-0.35699,5.2107
0.57188,5.6471,8.0528,0.27496,0.27496,2.4236,5.8832,5.8571
0.44709,5.6267,7.2182,0.015597,0.015597,2.3413,3.7398,6.1807
0.58996,5.6596,6.4664,-0.13777,-0.13777,2.0587,2.3395,6.6623
0.63086,5.5459,6.1314,0.052956,0.052956,2.0718,1.2777,5.2142
0.85872,4.9566,4.8996,-0.32276,-0.32276,2.9654,-3.0796,7.0311
1.0094,4.8161,4.6413,-0.39814,-0.39814,2.4603,2.0223,5.1706
1.2515,4.3555,4.007,-0.5754,-0.5754,2.3243,3.1989,4.1051
1.5015,4.4795,4.1383,-0.73646,-0.73646,2.4508,2.2343,5.7874
1.6442,4.2762,3.703,-0.93455,-0.93455,2.4888,-1.3804,4.9146
1.7415,4.5864,4.1568,-0.93501,-0.93501,2.4429,1.3702,5.7126
1.6484,4.9039,4.7985,-0.90324,-0.90324,2.4832,1.9403,6.5017
1.878,5.0916,5.227,-0.8022,-0.8022,2.8842,2.689,6.6358
1.3152,3.8941,3.7113,-0.74045,-0.74045,2.2717,-0.93842,4.6924
1.17,3.5777,3.5088,-0.41051,-0.41051,2.0738,0.091181,4.356
1.1145,3.4454,3.1333,-0.47361,-0.47361,2.403,1.5523,4.1062
1.1359,3.5599,3.6968,-0.43849,-0.43849,3.0508,0.30369,6.3332
1.2513,4.2978,5.2164,-0.87323,-0.87323,3.309,3.5821,-2.486
1.5827,3.4208,3.5594,-0.54537,-0.54537,2.7408,1.862,3.3237
1.5835,3.5297,3.9801,-0.40877,-0.40877,2.7551,0.7397,4.9901
1.7657,3.7092,4.7183,-0.3094,-0.3094,3.1701,6.0738,4.7114
1.6777,3.3577,3.4606,-0.7331,-0.7331,3.1289,5.6575,3.3598
1.7303,3.0927,3.4153,-0.64729,-0.64729,3.1681,3.1496,2.9029
1.9633,2.9911,4.084,-0.53979,-0.53979,3.3899,5.6209,1.5472
2.1083,2.928,4.5575,-0.55102,-0.55102,3.4141,5.6354,1.2862
1.9843,2.7864,4.5021,-0.5157,-0.5157,2.9264,3.011,4.0018
2.0979,3.0337,5.009,-0.7337,-0.7337,3.5724,3.9072,3.687
2.3935,3.0006,5.064,-0.81044,-0.81044,4.1138,4.9399,1.3571
2.529,2.8718,4.6006,-0.86789,-0.86789,4.2561,3.9781,3.071
2.5849,2.7314,4.6086,-0.89712,-0.89712,4.8112,3.7078,2.5949
2.6965,2.5244,4.028,-0.79579,-0.79579,4.9592,4.6983,3.3055
2.6606,2.3341,3.5711,-0.70782,-0.70782,4.7707,3.6281,2.7912
2.6668,2.1966,3.2796,-0.62608,-0.62608,4.6434,3.8252,2.5495
2.8045,2.0601,3.1075,-0.51574,-0.51574,4.7654,4.2835,2.2757
2.9171,1.944,3.0334,-0.48684,-0.48684,5.0972,3.7712,4.2658
3.0416,1.837,2.9216,-0.4522,-0.4522,5.1409,4.3725,1.8199
3.0484,1.7318,2.7862,-0.36544,-0.36544,5.1294,4.3426,1.6186
3.0825,1.605,2.7107,-0.30033,-0.30033,5.1498,4.209,1.7405
2.9916,1.5737,2.6076,-0.21418,-0.21418,5.0149,3.873,2.4479
2.9376,1.5376,2.5773,-0.18469,-0.18469,5.0274,4.5335,2.8341
2.8692,1.5838,2.6384,-0.19471,-0.19471,5.0818,3.6324,2.8117
2.8335,1.5398,2.6298,-0.1308,-0.1308,5.1041,3.7795,2.5998
2.8036,1.5168,2.6435,-0.082442,-0.082442,5.1714,3.6646,2.7261
2.7845,1.4897,2.6554,-0.037137,-0.037137,5.2183,3.8983,2.9168
2.7638,1.484,2.6885,0.020534,0.020534,5.2142,4.6554,-1.9399
2.7495,1.4627,2.7185,0.01834,0.01834,5.272,3.6382,2.801
2.746,1.4252,2.7645,0.038142,0.038142,5.2416,3.7069,2.7932
2.7361,1.4056,2.7614,0.074476,0.074476,5.3587,3.7956,1.9106
2.7434,1.4594,2.8776,0.039932,0.039932,5.4523,3.6446,3.0234
2.7488,1.533,2.9452,0.01208,0.01208,5.5158,2.3007,3.2042
2.7219,1.5433,2.9073,0.072178,0.072178,5.4861,3.6116,2.8878
2.7238,1.5813,2.9734,0.013686,0.013686,5.5517,3.0185,3.792
2.7058,1.5585,2.9015,0.017378,0.017378,5.4867,3.7162,2.3665
2.6702,1.5329,2.8628,0.0027452,0.0027452,5.4348,4.1302,1.6887
2.6709,1.4866,2.7828,-0.0082211,-0.0082211,5.3847,1.9481,2.0525
2.6631,1.4459,2.7468,-0.055617,-0.055617,5.1571,3.5971,2.7719
2.6482,1.4483,2.7705,-0.058074,-0.058074,5.1782,3.6259,2.6448
2.6292,1.4405,2.7357,-0.015875,-0.015875,5.1534,3.3461,3.2462
2.6146,1.4157,2.7771,0.02378,0.02378,5.1345,3.8032,2.4873
2.7213,1.3886,2.8397,0.06465,0.06465,5.1662,-1.3642,1.7076
2.6747,1.4053,2.7801,0.045602,0.045602,5.02,3.5777,2.8129
2.6568,1.4146,2.7352,0.017848,0.017848,5.0138,3.6559,2.6739
2.7006,1.4746,2.8277,-0.0053604,-0.0053604,5.1263,3.6646,3.0371
2.6975,1.5331,2.914,0.0084803,0.0084803,5.1374,3.4971,3.4136
2.7194,1.5864,2.9171,0.0063342,0.0063342,5.1491,-2.7461,1.0587
2.7125,1.5991,2.7674,-0.049328,-0.049328,4.9522,3.6018,2.7466
2.7302,1.5589,2.7895,-0.079734,-0.079734,5.062,3.7661,2.6689
2.7177,1.5187,2.7286,-0.054813,-0.054813,5.1224,3.8937,2.4713
2.7106,1.5127,2.7511,-0.032966,-0.032966,5.2822,3.381,3.235
2.6936,1.4757,2.7282,0.039428,0.039428,5.0506,-4.0321,1.7308
2.5614,1.3991,2.5592,0.0416,0.0416,4.653,3.1164,2.7075
2.4341,1.3712,2.5266,0.056596,0.056596,4.4518,3.1681,2.3157
2.2497,1.3407,2.4507,0.063567,0.063567,4.0652,2.7954,2.296
2.1629,1.3179,2.3455,0.073561,0.073561,3.964,3.259,1.4289
2.0312,1.3074,2.3578,0.060047,0.060047,3.8029,1.004,4.6053
1.9646,1.3142,2.3511,0.042968,0.042968,3.6415,2.6058,2.6415
1.8757,1.2706,2.3551,0.04468,0.04468,3.5021,2.7341,2.3017
1.9696,1.1808,2.4382,0.11263,0.11263,3.6386,3.355,1.2621
1.9557,1.1279,2.4257,0.1486,0.1486,3.5804,3.4922,1.3322
1.8585,1.0967,2.4807,0.1552,0.1552,3.4854,2.5648,1.8873
1.8585,1.0503,2.4865,0.15732,0.15732,3.5938,2.8858,3.54
1.8033,1.0475,2.5755,0.20532,0.20532,3.5933,2.6506,2.5937
1.8177,1.0326,2.5572,0.2206,0.2206,3.6582,3.1317,1.3567
1.8322,1.002,2.5464,0.23352,0.23352,3.6704,3.4336,1.6373
1.8563,0.9896,2.5515,0.23293,0.23293,3.6953,2.848,1.819
1.8458,0.97052,2.5235,0.23546,0.23546,3.6669,3.2637,1.5795
1.7695,1.003,2.614,0.24926,0.24926,3.656,-0.0077784,2.7818
1.7054,1.0376,2.6503,0.24399,0.24399,3.6458,2.6688,2.4916
1.6529,1.056,2.7189,0.22379,0.22379,3.6425,2.6683,2.4818
1.622,1.0786,2.7687,0.18789,0.18789,3.6386,2.8114,2.3358
1.5997,1.0871,2.7565,0.2084,0.2084,3.6344,2.2293,2.7549
1.5819,1.084,2.7811,0.18591,0.18591,3.6038,2.5743,2.6302
1.5784,1.0912,2.753,0.17204,0.17204,3.6177,0.37295,1.3472
1.5457,1.1478,2.8529,0.20468,0.20468,3.7006,2.5455,2.9498
1.5567,1.1569,2.8713,0.1816,0.1816,3.6906,2.5065,2.7029
1.5495,1.1619,2.8562,0.19761,0.19761,3.6934,2.6505,2.3276
1.5584,1.1347,2.7612,0.21482,0.21482,3.6263,2.7672,2.6357
1.5473,1.1076,2.7218,0.21698,0.21698,3.604,2.1759,2.4834
1.5511,1.0855,2.7441,0.25115,0.25115,3.599,0.60456,2.6136
1.5536,1.0493,2.6872,0.20873,0.20873,3.6209,2.7592,2.1754
1.5557,1.0578,2.6472,0.21594,0.21594,3.5564,2.8196,2.168
1.5613,1.062,2.7059,0.2022,0.2022,3.6345,2.6105,2.7453
1.5545,1.0703,2.7684,0.22753,0.22753,3.6678,2.7643,2.7474
1.5577,1.0542,2.7477,0.24461,0.24461,3.5648,3.156,1.7559
1.5449,1.062,2.7042,0.25577,0.25577,3.4518,-1.9181,2.5241
1.5387,1.0715,2.6554,0.25656,0.25656,3.4371,2.7604,2.2043
1.5477,1.0431,2.7004,0.22974,0.22974,3.4831,2.7526,2.2752
1.5564,1.0513,2.7583,0.26283,0.26283,3.5927,2.8404,2.0033
1.5263,1.0685,2.773,0.27706,0.27706,3.6538,2.713,2.3357
1.5183,1.086,2.8136,0.29227,0.29227,3.7014,2.7348,2.077
1.5175,1.0905,2.8454,0.2938,0.2938,3.7059,2.4913,2.1109
1.5226,1.0813,2.772,0.21297,0.21297,3.6334,1.7778,-1.0333
1.5122,1.1098,2.7723,0.17992,0.17992,3.5778,2.6702,2.5385
1.5176,1.1337,2.8471,0.19876,0.19876,3.7395,2.4218,3.1052
1.5307,1.1357,2.8294,0.20013,0.20013,3.7198,2.4502,2.6281
1.5366,1.1654,2.8818,0.18941,0.18941,3.8166,2.3918,2.885
1.5527,1.2197,2.9114,0.21316,0.21316,3.8319,2.5148,2.9947
1.5626,1.2453,2.9168,0.1795,0.1795,3.8422,2.2903,2.7775
1.5456,1.2402,2.8594,0.16988,0.16988,3.7334,-0.99621,-2.4601
1.531,1.2395,2.8213,0.14073,0.14073,3.6615,2.6351,2.5994
1.5383,1.2371,2.7957,0.16332,0.16332,3.6289,2.8085,2.367
1.5479,1.2664,2.8973,0.18719,0.18719,3.6815,2.4426,2.9145
1.5504,1.2672,2.8952,0.20271,0.20271,3.742,2.5904,2.9515
1.5494,1.2583,2.8312,0.20781,0.20781,3.6801,2.1836,3.0787
1.5561,1.236,2.7889,0.25607,0.25607,3.6537,2.3893,2.6963
1.5577,1.2227,2.7848,0.21052,0.21052,3.6525,0.049206,2.6147
1.5323,1.2019,2.8228,0.21689,0.21689,3.6222,2.6351,2.5712
1.5273,1.1826,2.8473,0.24261,0.24261,3.6814,2.7665,2.4027
1.5263,1.1805,2.8391,0.24695,0.24695,3.7102,2.6585,2.4861
1.522,1.1994,2.8874,0.30285,0.30285,3.7566,2.1049,2.8772
1.5253,1.2125,2.8279,0.29224,0.29224,3.6872,2.4383,2.7684
1.5213,1.1846,2.7379,0.27088,0.27088,3.5903,0.7376,4.0063
1.4913,1.157,2.6821,0.22108,0.22108,3.5516,2.7281,2.2069
1.4982,1.1164,2.7169,0.17072,0.17072,3.5044,2.7458,2.1959
1.5142,1.0851,2.6815,0.15478,0.15478,3.5248,2.9081,1.8384
1.5107,1.0869,2.6661,0.16672,0.16672,3.5602,2.9233,2.4577
1.495,1.062,2.6534,0.17929,0.17929,3.5574,2.8788,2.3286
1.5082,1.058,2.6425,0.18621,0.18621,3.4896,0.43031,0.81644
1.5214,1.0371,2.6616,0.24359,0.24359,3.4961,2.7581,2.1981
1.5304,1.0221,2.7221,0.23454,0.23454,3.5218,2.6424,2.345
1.5328,1.0214,2.7056,0.26016,0.26016,3.4921,2.2222,2.6038
1.5197,0.99705,2.668,0.23523,0.23523,3.5251,2.5288,2.0016
1.506,0.9971,2.6609,0.22639,0.22639,3.5114,2.7224,1.2921
1.5092,1.01,2.6794,0.23551,0.23551,3.4915,-2.3787,-1.9232
1.5328,1.0371,2.731,0.20905,0.20905,3.5541,2.6206,2.6323
1.5343,1.0276,2.7473,0.16678,0.16678,3.5116,2.7072,2.1116
1.5399,1.0217,2.7497,0.19547,0.19547,3.4963,2.8816,2.1432
1.5404,1.0129,2.7196,0.17745,0.17745,3.4979,2.5153,1.9299
1.5385,1.0261,2.7054,0.16137,0.16137,3.592,2.8482,2.5708
1.5468,1.0389,2.7252,0.18746,0.18746,3.5918,2.7212,2.3851
1.5706,1.043,2.7097,0.20475,0.20475,3.5968,2.1011,1.636
1.5491,1.0242,2.699,0.22875,0.22875,3.586,2.7608,2.1911
1.5477,1.035,2.7499,0.23206,0.23206,3.6186,2.7574,2.2189
1.5512,1.0365,2.7718,0.24991,0.24991,3.6235,2.9689,2.3107
1.548,1.0564,2.7638,0.24388,0.24388,3.6362,2.8482,2.4439
1.5376,1.0548,2.7572,0.25411,0.25411,3.6428,3.0482,2.1501
1.5213,1.064,2.6961,0.2545,0.2545,3.6624,3.2648,2.2775
1.5112,1.0766,2.6759,0.1794,0.1794,3.6452,0.1206,4.5071
1.4956,1.1152,2.7111,0.17495,0.17495,3.6392,2.6468,2.5531
1.498,1.1151,2.729,0.23091,0.23091,3.718,2.4747,2.6113
1.4949,1.1118,2.7566,0.23655,0.23655,3.6571,2.8796,2.6379
1.5025,1.1964,2.9508,0.21582,0.21582,3.8622,2.391,3.141
1.4933,1.2203,2.9585,0.14927,0.14927,3.8356,2.6252,3.1492
1.4224,1.3005,3.03,0.1252,0.1252,3.7974,2.4649,3.0208
1.422,1.4226,3.2302,0.12828,0.12828,4.0313,1.8316,4.7425
1.4111,1.5451,3.3273,0.25636,0.25636,4.2058,2.0828,3.7399
1.4441,1.5419,3.1358,0.21578,0.21578,4.0745,2.5821,2.8172
1.4595,1.5277,3.0418,0.15354,0.15354,4.0113,2.3291,3.2806
1.4774,1.5022,2.9985,0.19838,0.19838,3.9167,2.6221,2.847
1.4895,1.5303,3.0837,0.18121,0.18121,3.9965,2.5829,3.181
1.5082,1.5253,3.0258,0.16218,0.16218,3.9221,1.3346,5.6641
1.6025,1.4887,3.0497,0.23148,0.23148,3.9493,3.0723,2.4825
1.8376,1.421,3.0935,0.24016,0.24016,3.9281,3.9148,1.2352
1.8378,1.404,2.9606,0.16888,0.16888,3.7936,2.8393,2.3772
1.7433,1.3987,2.7916,0.0866,0.0866,3.6138,2.8734,1.9541
1.802,1.3947,2.8222,0.093609,0.093609,3.684,2.6318,1.9352
2.0359,1.3517,3.0289,0.13643,0.13643,3.9361,1.0378,2.9982
2.2912,1.6387,3.8981,-0.03466,-0.03466,4.3849,6.0957,0.30957
2.7347,1.9487,3.9516,-0.38079,-0.38079,5.1477,4.681,1.3698
2.5057,2.2379,4.2576,-0.69144,-0.69144,4.8647,3.6406,3.517
2.3282,2.3594,4.4811,-0.45714,-0.45714,5.4113,1.9919,5.955
2.2792,2.6603,4.6582,-0.5728,-0.5728,5.063,1.1789,3.1598
2.0184,2.7815,5.1393,-1.0575,-1.0575,5.1458,-2.3059,4.5951
1.4379,2.6246,4.554,-0.78424,-0.78424,4.2132,-0.4963,3.4041
1.0011,2.7072,4.9076,-0.73891,-0.73891,4.2846,-1.2335,4.1672
1.0722,3.1003,5.3705,-1.2143,-1.2143,4.612,-0.18892,5.023
0.98043,3.4765,6.1571,-1.4215,-1.4215,5.3875,0.47152,6.4565
0.90196,3.1632,5.6795,-1.1065,-1.1065,5.278,-0.96166,4.4884
0.99894,3.2455,6.0815,-1.3424,-1.3424,5.867,0.44057,5.8232
1.0665,3.0566,5.353,-1.3382,-1.3382,5.4292,2.7878,2.5049
0.74568,2.7476,5.1189,-1.0795,-1.0795,4.6526,1.8624,3.7129
0.05093,2.4341,4.7687,-1.0248,-1.0248,4.4464,-0.43394,0.49392
0.26426,2.3234,4.9445,-0.94773,-0.94773,4.6754,3.1326,-1.2617
0.083545,2.2382,5.2165,-0.99912,-0.99912,4.7383,2.3617,-0.11922
-0.010645,1.7618,5.557,-0.88813,-0.88813,4.6953,2.7086,-0.57843
-0.13144,2.0212,7.0811,-0.7968,-0.7968,5.9039,-4.7483,2.4084
